35
272826345 -93547243
-251175194 326009142
874101045 -840192347
-783889238 -95453524
817063236 -677593351
-598251648 301920447
1021838026 -851175151
332079216 -361599743
168898701 -993963908
26699191 -521503477
720572799 479350230
503543552 503525536
356965903 869574546
715868369 892939794
776779451 -179463
336112455 721741028
990874601 729448818
601597958 614713008
-329306377 -252346877
-421115030 63023691
-231612272 -819257577
520047874 515030310
996143169 -241303423
-490583235 907060982
-893304501 -17925695
224104037 -258751593
-220346182 -424262524
911771341 -534014163
48191670 177833841
574978630 -572006260
998526232 18303266
1014240471 -948572711
-692589248 -1061187728
667799724 520886129
829331237 -803885325
