1024
272826345 -93547243
-251175194 326009142
874101045 -840192347
-783889238 -95453524
817063236 -677593351
-598251648 301920447
1021838026 -851175151
332079216 -361599743
168898701 -993963908
26699191 -521503477
720572799 479350230
503543552 503525536
356965903 869574546
715868369 892939794
776779451 -179463
336112455 721741028
990874601 729448818
601597958 614713008
-329306377 -252346877
-421115030 63023691
-231612272 -819257577
520047874 515030310
996143169 -241303423
-490583235 907060982
-893304501 -17925695
224104037 -258751593
-220346182 -424262524
911771341 -534014163
48191670 177833841
574978630 -572006260
998526232 18303266
1014240471 -948572711
-692589248 -1061187728
667799724 520886129
829331237 -803885325
-78616242 -405306103
-89061459 -171340088
-301871596 597598485
1034114110 777708692
554452953 -997400978
-737580652 1004907721
613074414 -834489298
-996924460 453468968
1066960466 1032778718
-782281759 -390021242
498502944 1021631955
683296238 -114296110
-305356984 -285960236
970562901 -230956971
288535681 386001408
-374695514 537407292
1049302142 703555054
-420669183 -544206765
-201026721 162683925
-650450008 -565468141
840933738 -381271186
569920719 143781086
-494394886 -813926569
965907638 -742876792
-515818057 -43028550
-869304327 554136601
679453702 -533801106
406874150 195918032
610398147 246162653
-862787184 440523115
-360832211 -347760410
-475008414 -734302043
624324385 1036503043
1021945590 963471872
-751388277 228331950
-912783513 -448781884
463443737 -564352512
872047204 491356487
779791408 158144923
-432234169 190339949
845130019 -4171830
-662912667 305827186
-890219102 635691750
-308408665 851306470
860184432 -67536133
494728025 -1563655
-758325160 29319850
-1058049727 509765880
-441004191 -832484784
-433350669 -270981609
-887434944 315246951
334400611 -807844752
-37348339 -976057812
341046715 -390073013
274162234 -1037464702
519496559 618832032
-717621056 8920342
837976205 510179289
-160387942 -742164030
-605411239 -139890469
724826998 34415670
1000714265 41659719
-378625110 222390741
893909548 520524284
308199268 -572477476
250816097 377852640
189849381 -546443575
-535891067 73070304
147707760 598671354
614147645 -67626956
317404606 720478611
-767489770 617800935
804884660 876762277
-864790054 -485203050
516630423 397441420
690305061 1009008759
1048610047 680349335
361359671 636593821
-965732150 474592494
463504650 119138681
278461779 -26157136
712368294 286376611
-211788828 24924507
-968865356 -998365222
-279174040 287296369
-281942191 -684327607
853871716 594678871
-137374683 -617207797
39127336 -46024833
450381235 845530353
7780673 -248306743
647189745 -727677054
-503484111 859294758
-586204133 -1067875005
-1071325343 818163326
528620995 -360124105
756185942 -467344173
471378221 -54817879
1065497635 481371302
-770035751 4377128
-706014690 681267353
1035993184 -672072750
-622870570 101089365
346495619 1052569045
-667275708 -99474771
-90140544 -849554382
-740243393 -1006952957
-568972888 866155204
719776053 444863210
813570605 139395713
1035045656 -523459315
-72227776 63745790
216293269 265940558
-978733477 -619608008
-496318325 -510623694
979294939 969004176
1060332474 -352151685
883756241 -943345897
-328458821 -50633194
-734804456 -120766964
-646447057 752523063
-994714966 520310178
-306761925 325153218
-192482001 -435662075
-372454861 1027947756
142330070 74193823
378905492 -1066349790
-842331032 -394482538
-71433160 -753316055
983208602 1034229401
202632644 761847685
232068002 -100711972
899059812 -574403553
865762316 -865601952
370862010 -523228639
-161098547 -493575049
-160910573 -71353820
-1021241192 -123817593
204618971 652905613
17861232 -529511155
41723219 189532212
721707390 465244645
-13261696 343029573
1054400036 786495432
386856806 -319127957
-667280303 851204373
-578360202 -749395414
-719177962 -692317997
-242695356 570015372
987599225 -124455691
-158936196 -545712897
315250825 857354464
-241455338 -901557123
197497522 249709611
291419080 -674742291
428429394 494315941
15450044 688445129
593809803 120089243
40172931 235430912
-1057966758 -997973414
-701433016 333596
49186280 -217827854
-911834808 -834761817
698627616 155731005
-50668671 -997006645
-705076095 1040519711
207522473 748770104
-257591500 508589838
-964718495 -341093558
1762657 941690324
711445162 -950288023
332218813 219262355
723587735 204320435
1060428391 603254537
133173828 -811421736
567017972 -171621867
-275642874 -518858682
-932227640 272783226
586734819 -606157947
21730727 -699079967
-742101948 124670179
186179723 -1067583196
-210851095 988607827
-200512841 623349449
-317970660 777963409
837222667 -343942452
-471782359 -21517686
1008201114 350331296
-803255540 -783271429
273748345 656911480
-400147860 984243544
-228440103 644477122
450773448 -13523730
654272088 621226995
376546287 12703051
-277516653 -960104567
17677493 -478133027
-813120257 -920348339
783009251 -29691944
-536903431 379524057
980186991 4875869
-319280613 19348313
-351209748 -148768552
-1067551024 -511520107
332319299 -896809303
869589034 -234884050
-865877597 -968584442
-1014817038 993020967
-265679690 -461011937
-106502656 -983571033
322694932 893923458
449146317 830771452
-105265156 -1007444288
-1053711034 481240547
-12820159 921115473
-310109214 -1042799098
-559367807 -331216716
635369718 863339461
-63324771 -879358502
-794192825 -924872392
-135813788 119752388
504660960 -949527692
479979409 521427818
-143641818 878769678
-467928841 -802512674
158160681 814250716
528763642 1000908977
671077436 -699350526
-204456639 978051733
621930695 -266922452
142800553 101463107
-138497701 -651728616
1062230396 811772831
229136902 556846167
1038386914 323399449
-194015000 -41799085
-505698921 -735883179
731319814 576961427
971169757 -805526259
-394836899 962663485
555142324 -384349642
60002362 60663260
440580169 -554535583
-639404344 -913071773
988250027 730282084
-357053718 -1070914190
19395524 -893002951
1024248650 103220439
790886278 -311136219
177704370 -793185962
-919941788 -450886116
-722580582 -756609363
499140611 906239331
923821057 763965906
100127281 870466167
613164672 356798590
1029931541 -906104019
-724714597 -313596690
-368792664 453980698
-435962278 -248428056
-1047615901 910191668
884693784 157373179
-249316806 -932014919
-182515814 -288840437
46098376 -280192177
367011938 876188428
-553615414 -1001807764
1015363397 -758217971
-566706735 457935863
878395195 460070776
-137438669 812509743
-35470987 610195607
240863042 -433114421
696080309 -493847974
-659092032 767876707
1050847193 -765797801
800554129 298905102
641236151 -523705839
-53960782 368429387
-65857488 -345540228
37991018 237999652
1046483583 -287566400
176029886 -173510768
185555666 -477171651
-111154135 137305625
275983643 538126799
1025181580 -103926082
814289191 852975186
-661553565 125551641
-756336914 -733123480
-596624583 -793256508
-779434963 -262113927
773882205 -428682759
893970226 -302228997
-53678634 368690552
-762461450 769275379
939594643 691203501
274303088 -621174342
-265672986 1046530321
524112167 -10044668
-491623373 993393104
-697397495 -882296290
685268452 528066219
486614395 205068150
486391199 -451508705
-780042319 -434535072
-851835717 -596838458
1005140030 1015235094
-289478673 509792254
-1031920146 101942785
-480976308 942782920
-220929581 -645590474
471923565 -106999055
573381277 290267970
172244204 -883399050
-185644753 1020152874
569936663 182118692
427334254 78609836
785765602 569416831
-673504677 1007009227
-1020932320 326532068
-1006261149 635655050
-941904147 340482033
-215499531 382167799
841521007 -268286940
895195221 664106346
771534525 60537538
-85368145 -865351154
491785758 -11363591
101952879 824527520
-770834058 -1044880056
948897231 667553911
120605180 -64071138
600529073 653223363
742348848 -780181823
240074670 1061654297
-532172532 -851915663
1003653998 -995743442
-39587207 -610366004
583442233 -540664094
167652100 -520540556
-573541938 -680887424
-454919983 -373112594
-341751949 -649880252
107488207 102874829
-522684083 -376009699
370517804 946816783
-815145487 -331581261
460807691 309878470
-357980358 1047308202
-47724684 -167766022
1071106396 -417116888
461608332 -721239347
-166576327 270277780
-248316923 328764640
1060552691 461344929
408220119 39334645
447855042 516829066
649091631 587245782
1019323910 -226144354
-1055242072 -1002775692
630393503 61677567
-41954120 447934802
-720716676 288881062
250949740 400207139
123287410 655834281
-552405417 1067243186
214638414 -328581696
-284826937 -261894655
-101171667 -311425019
-532386758 575909045
-843869174 623703802
203484944 632986032
87313303 -364811056
27680897 331363071
-971462575 -964744986
-174539568 294072823
912343502 765395599
944874688 864202138
227811417 89197592
600104519 519216958
891064000 201155080
545238145 -1064202896
-638208661 -198432087
103887591 1001881877
-604286288 -722499129
-629581888 -489379630
-518183834 873630903
-627123753 191385261
-513354057 159142554
430214509 -88144908
-40399814 -865667869
-952044431 -133355683
-366914751 117306390
481994222 573122926
219815022 1005595857
366950596 -42257634
338495116 -943875825
493987226 804131516
154407835 -985046613
952652818 -687369456
-435184852 247268387
86132543 -32726849
-875426321 -246312801
-172090029 -914890253
-743711094 274744369
-617294180 676308027
-898849877 -1033108644
-297429071 491930799
-148125856 770275546
-245441816 -138512809
-738437211 463723673
-1073429238 1072630476
-239809474 637052679
150704457 894968096
118281671 -284904305
588793970 -336732421
618695177 -259941022
201930590 752556037
109674894 515523962
-7677778 -336558197
456374903 417982683
999630262 1050378332
-316844916 482945051
-296189255 79509236
51214996 -851388124
-459228585 1034553820
-532673306 -42819527
-39338942 371878992
-725032641 -977038026
-1010232520 -36874463
-313873450 -527075045
-618510803 209085405
436921773 471809994
-12871482 588248620
204293162 -828509681
983031566 233576316
292984294 639839201
96557155 988080352
1017125059 -438912281
-363543119 720883509
390176067 735387965
-253022494 623164806
-202765545 -47382409
-908719211 957170097
-798811402 488222949
-5717235 -647678134
982931888 -239498984
46511979 -352238402
324454530 1063426469
-573288417 594380475
-357323093 748740904
-144132196 -340193841
-290557889 672480395
880623691 -943123889
947289658 253532040
-722950975 -95354246
-85216296 1016799596
-302278861 532336349
-799492830 -624981476
455300137 -920839944
-631495988 491686749
806759537 571680801
-552552642 -599309745
921320022 -349910872
-420372240 347413818
231061009 -55936709
150580730 395075980
1054580096 771525260
-749658901 549096994
425632533 -662563536
-272161064 862199238
-29386736 404679114
-242116936 -270701064
254526960 550362984
647889391 746900977
-57480410 -433642452
-412781016 947911140
130273036 728265774
502050919 -423655802
-609640172 -879797599
-727174819 -456195888
-1063020732 -277618381
563921662 203474435
-107773983 768889274
-695581872 703649772
282540650 -852955636
-42481530 164245865
-22262840 -887045587
517304909 -982622421
-826539582 -938019665
1020886116 580346045
-478029386 -1951402
-872192398 -938994236
52764293 995510778
67716371 -2114681
-981863985 -387348047
-870281165 -915849551
-982698912 1030698540
852820639 -521706155
341967337 838388577
431316697 476779827
-1019300878 536313194
424095019 -909034951
-28139505 -85922644
254789374 534384972
-971176623 891844668
143803243 455334727
-1030693633 529584765
579279122 334445635
1073250950 -873481203
864782634 187943705
-11049299 431491297
403974106 821007652
123159052 557601710
-481356346 -754673077
-508462402 618595210
-522731797 -677149378
853324117 462063571
-35179857 7545854
-640571122 135720527
-441882317 412640419
859438917 -1007667308
1041304044 -944055719
428762666 715328938
906528625 996019883
-506374475 -701775634
75015317 514335491
-303141417 591245112
780777144 590513777
-107616015 796358976
470169946 604619691
-135334519 -1009079747
807044848 -355620012
-688732102 -635193906
-468268294 372465281
602779372 1040805918
-292191915 356449656
-356347323 -231119806
347739853 597884602
39885407 509127908
845184758 1041199683
60943035 -442027226
-95431877 -249842417
-809129612 123566016
638537527 -954640160
-265894473 549145195
387857987 147276862
217330034 121639809
-297488817 -557297985
63341131 -840199196
-759432203 103865736
-1002820141 485506847
-682914869 498287635
930403579 -298937396
-1066973960 992668977
988762822 -1000139212
-652041975 -423456686
-163216832 895930684
-828087035 -101583100
443019182 -344161922
267671486 -380365127
-442832634 -995963210
-474117782 -383876404
-831413855 59127647
-868941711 554662598
531324206 305369757
-1006772345 -969402148
-222046743 -44676003
-891201283 -212048708
-429436403 232505274
532808532 -1006940536
-334619513 -528002142
999777043 -693316062
202003691 362364345
-793264678 27583146
881740459 -664531076
931367606 67997252
769709957 499872169
-555281483 819194398
928542013 -1016548898
-245621571 263093937
621595276 -977795456
526295961 -539685818
-793081000 -864310050
870649172 693456827
5441572 -273660523
-543337270 107532166
-312067895 390075189
-105509253 -236194566
-247755162 442040100
-636267102 592901577
-850790252 321095874
-969083259 127750601
-703690274 -422116658
-514561521 -245307142
574910319 -620117241
-315197797 -432935481
829960205 -303945706
148212242 979711884
505112134 565680554
588718391 -39929512
-270702104 67167973
-749744063 398860531
-966746955 -849369354
-971063127 -319299038
296439383 326008838
-668813243 -10145239
-802264175 -822970280
-854590058 -465979504
824929463 -1066551893
-498094755 348516906
-656001184 -199995678
-305769101 -879124654
564586329 -485878810
82372826 -701915528
-866471204 752512971
455368974 860953051
350379520 -7747279
-1039294303 -441059433
739242355 -1062075156
-283874554 991221474
-885217177 219287271
-355629652 519642514
914049482 940739909
-225094066 346675682
-772120391 138420680
260936329 559709300
-529725386 316530038
-82979666 -1052070246
-91734505 95996537
-238540327 945342672
-301076159 1032826950
-1050677950 768519565
79576854 -152013311
692225234 -763556806
-65366997 429836064
-327757063 -574271358
-311581634 -642916786
-669945410 -929381940
-179933850 397515409
105450263 -369649915
-238830964 -653704530
-637050246 245957282
49338649 344496843
931718067 -218006811
525039088 -51761066
-714749192 137413214
60151199 -473956314
-209896902 217412788
-141042736 -481961249
-202649667 575937445
-190540283 -171234407
-222522902 -717483958
-975094396 -459275069
345785443 -977097569
145089679 281777989
952400472 -668888766
-1004584232 865105893
936704536 724370299
-706980557 639981291
-442022421 667133820
-731265907 1028591110
-1064215010 487135977
-456636388 687024240
-1035333538 173093785
581596887 260589905
653420617 -105257314
691649576 -339995552
183309634 835591042
-102145056 234650832
560322948 426504147
-606473877 906796649
955799161 63778530
-138529212 -794065676
-620311988 -751238713
1029102506 -187333157
843485884 -741205081
263213972 -644935663
118589747 1030022713
-946182943 582096431
-781677546 390951557
-7354669 -282757409
-1031485090 751120878
-189300802 -948435075
-275079577 107264883
-317654276 256845050
-28696312 665198897
242682403 -122491132
-161045021 284727851
607470969 -599748253
494917629 952009805
749633447 384647078
-1003735664 194708142
357187757 462079742
-859961824 -821773291
600472598 -571942295
470359499 -60326466
-1064700308 494697746
-663682587 527877726
674696685 -1071042825
-287554876 -68190877
883284606 694009804
832773847 -836281729
-695215905 812706847
-933444867 -223559321
616994079 424159420
-506479597 -64875049
-473823150 -300597166
276786639 -676607014
566926722 647866197
664380108 939046983
864686563 591964710
514099684 -111123058
-238181303 106944881
-679562043 923496628
-151566370 -423667497
289926078 -975818085
-666710513 -622201908
618851034 769538439
1071594438 -61924159
976051247 1001346781
-534004258 785332868
-385047689 -703773396
-378867501 40691687
876826335 698559089
-516526151 585107872
384581919 -256738666
287825519 346676847
-441063222 644808252
130802452 932670853
-876013338 474874298
524731064 227669796
99374783 -143986588
-547777194 -529314942
372093176 -444342257
-940423934 -57791501
1013609442 -264974124
1029688414 -570877370
497897232 -767515372
48719954 380385902
-758071254 -232581699
-217140997 828975716
-815999231 118957770
-239481373 594408524
-1049319708 -697180144
444348787 459439830
337180977 -823570890
-798111835 688005095
-750054098 -94629884
733799421 -50776713
-554454759 -47320095
391264953 -444012356
-81829763 -661493354
-982957753 553746312
-748481594 -614085544
-398175754 893771759
961576215 -675100412
995774192 697379372
470511195 -762223445
-54067096 -538866492
512656538 -98474159
-844717553 -604391701
205436045 163196658
-845655093 689736999
-850228109 640036549
556425642 -876805069
260783909 48275139
397317908 731268645
-653603736 351281002
-232517312 859735506
1005836930 -673098306
-171490071 914957425
120919311 251708304
-1062196416 523439486
346760468 421748738
-1057895900 564030688
-1008626092 -1002326967
640519055 806429517
-328450590 941719732
230692947 -868508435
274200055 948317678
-640374265 -620499395
-540359931 -668955009
654772283 -940877002
-807881204 -235228008
-368335630 -1037914963
-787210197 396681231
442010705 -3934212
-608900231 -751515481
390142867 -236012318
681323797 628672661
94483263 -923959897
892748923 248818495
-866658147 -799394429
-577823719 1012278342
412514917 -358002368
-1055826143 787165894
669863098 265883166
-190662496 -259722020
-405442474 377316086
895250383 -23744664
-385558267 121558945
-213846615 318836243
-1024645289 996470426
138688445 8511379
417458576 -445971231
-16397243 -839331283
-106072093 422104098
989416310 21755003
991616991 -704265450
-1029019111 -961085841
544117545 -79605719
-779114150 15246999
-466694805 -758160803
-88625185 21596066
775415180 216251501
634036252 -494052830
371719713 -884715979
-40239131 980911763
49334562 169689168
-938539708 248009627
706040544 43488771
-336569204 752366739
-16447434 740133209
250985389 935001157
476343295 -1035598450
925947594 -31655945
-651743289 286450608
188254728 1000879784
-916020284 96718211
368856233 -505380711
-904220154 171567781
317931864 -163003634
109762797 -771310606
-826574907 395113557
967825628 755157289
1014182772 764916743
202770731 -1041300273
-94417966 153824141
324765794 1047398995
772733321 -351735067
308591523 785422962
-1033984748 959249830
202690918 302184924
-574584171 1046205505
-587252884 -1029761513
642467558 -578511479
-295545875 103587
-126115347 461094004
-318070253 -276942753
110635572 1050347042
885092779 682756395
779777464 -1054813153
1004581401 -21444147
191568896 -252217628
-707702643 -722221032
-822428303 438488227
769163635 -413105334
1066642400 -928382908
-387207889 644752566
858065001 397391018
613020682 -484972894
553740926 -171237318
-183141017 872711538
-182950846 -690430820
-149551559 -976675067
-111970281 295857859
-814652744 560997470
357847925 -1071133909
-566368430 860569991
-899980547 -1002022303
698215647 -81698895
-33877043 -198360632
-783096807 -331864672
1001215509 -758713191
-743855029 566925893
-928631574 71061803
675881287 -780874324
-6842534 -701116812
-1064889188 -617173992
-926449985 -356287025
-696834552 741236587
-686074280 337437951
254422827 -263396661
-506451947 -218762125
-120834435 1045277826
-171914575 -248078901
-172352126 442798630
-577217274 62312090
25656891 -576500999
123773596 -8858771
796945375 -464898926
213980546 -839358708
-1027994933 -498188868
54313313 -121310721
-109038666 -845669475
940194765 855752275
-132278744 -14734054
151145950 265233309
1021251116 826585210
-824761601 -749998273
940187972 821702473
1032786181 -519140119
-1047931235 713573502
207310211 -622218398
-493592957 -797368097
-23845796 -171402872
650067222 -176393820
-1037466728 -861210731
1025436733 928025946
225439867 998856867
-362141477 -753464566
337590739 -1049722767
669540161 -650565734
-1025934447 177924455
-76158237 -899506830
-152680549 223583959
-1033888435 -429927838
909576160 374208389
780550231 991330242
797371820 -1061292951
-498333801 194918618
-994442691 707086258
800924951 -672107644
667167893 -950188018
956888391 721286928
228212881 657871912
930641460 158455143
675048250 1001089650
-512754182 -179809678
-905277350 223410468
-617520009 736255420
780692818 563227267
-668298175 -475757995
-524249814 1002451302
250066649 -709201671
-489514519 522934773
-813731808 -293173134
908719911 1035330228
247651593 366411834
631280096 919396799
652364175 -982476445
61399434 649312855
-204287511 -484902469
197727848 970122908
231760636 961090859
-244199136 998447516
706399761 -917354145
600850315 668597644
12837832 21434283
132428492 613290580
424659531 -106796756
220463779 844853328
508035781 12020014
-830778877 -290753708
-722152939 -962297395
-17626911 685609457
158859454 -98797858
-676915378 -273685258
-742447582 1058085647
429381063 -433446087
779285232 711605068
171448012 -61467242
-1049874727 -877306780
47332782 -214120648
76438921 -580833556
-232296787 1028650519
-109887787 803331427
441003073 -119830591
-648962512 709466262
64943544 429065820
473769315 229836357
151960320 -989107734
109323900 -292456953
106445254 -600722994
1003196679 433389674
203462591 500372112
-187136389 -904989602
162319940 877902812
268059127 -56281390
-551634140 -688031024
872302381 384399519
686942901 -299910025
1036258462 953378469
431124268 -456215409
-1071344377 -714393549
-679913170 -878203758
3517467 300171180
