200
272826345 -93547243
-251175194 326009142
874101045 -840192347
-783889238 -95453524
817063236 -677593351
-598251648 301920447
1021838026 -851175151
332079216 -361599743
168898701 -993963908
26699191 -521503477
720572799 479350230
503543552 503525536
356965903 869574546
715868369 892939794
776779451 -179463
336112455 721741028
990874601 729448818
601597958 614713008
-329306377 -252346877
-421115030 63023691
-231612272 -819257577
520047874 515030310
996143169 -241303423
-490583235 907060982
-893304501 -17925695
224104037 -258751593
-220346182 -424262524
911771341 -534014163
48191670 177833841
574978630 -572006260
998526232 18303266
1014240471 -948572711
-692589248 -1061187728
667799724 520886129
829331237 -803885325
-78616242 -405306103
-89061459 -171340088
-301871596 597598485
1034114110 777708692
554452953 -997400978
-737580652 1004907721
613074414 -834489298
-996924460 453468968
1066960466 1032778718
-782281759 -390021242
498502944 1021631955
683296238 -114296110
-305356984 -285960236
970562901 -230956971
288535681 386001408
-374695514 537407292
1049302142 703555054
-420669183 -544206765
-201026721 162683925
-650450008 -565468141
840933738 -381271186
569920719 143781086
-494394886 -813926569
965907638 -742876792
-515818057 -43028550
-869304327 554136601
679453702 -533801106
406874150 195918032
610398147 246162653
-862787184 440523115
-360832211 -347760410
-475008414 -734302043
624324385 1036503043
1021945590 963471872
-751388277 228331950
-912783513 -448781884
463443737 -564352512
872047204 491356487
779791408 158144923
-432234169 190339949
845130019 -4171830
-662912667 305827186
-890219102 635691750
-308408665 851306470
860184432 -67536133
494728025 -1563655
-758325160 29319850
-1058049727 509765880
-441004191 -832484784
-433350669 -270981609
-887434944 315246951
334400611 -807844752
-37348339 -976057812
341046715 -390073013
274162234 -1037464702
519496559 618832032
-717621056 8920342
837976205 510179289
-160387942 -742164030
-605411239 -139890469
724826998 34415670
1000714265 41659719
-378625110 222390741
893909548 520524284
308199268 -572477476
250816097 377852640
189849381 -546443575
-535891067 73070304
147707760 598671354
614147645 -67626956
317404606 720478611
-767489770 617800935
804884660 876762277
-864790054 -485203050
516630423 397441420
690305061 1009008759
1048610047 680349335
361359671 636593821
-965732150 474592494
463504650 119138681
278461779 -26157136
712368294 286376611
-211788828 24924507
-968865356 -998365222
-279174040 287296369
-281942191 -684327607
853871716 594678871
-137374683 -617207797
39127336 -46024833
450381235 845530353
7780673 -248306743
647189745 -727677054
-503484111 859294758
-586204133 -1067875005
-1071325343 818163326
528620995 -360124105
756185942 -467344173
471378221 -54817879
1065497635 481371302
-770035751 4377128
-706014690 681267353
1035993184 -672072750
-622870570 101089365
346495619 1052569045
-667275708 -99474771
-90140544 -849554382
-740243393 -1006952957
-568972888 866155204
719776053 444863210
813570605 139395713
1035045656 -523459315
-72227776 63745790
216293269 265940558
-978733477 -619608008
-496318325 -510623694
979294939 969004176
1060332474 -352151685
883756241 -943345897
-328458821 -50633194
-734804456 -120766964
-646447057 752523063
-994714966 520310178
-306761925 325153218
-192482001 -435662075
-372454861 1027947756
142330070 74193823
378905492 -1066349790
-842331032 -394482538
-71433160 -753316055
983208602 1034229401
202632644 761847685
232068002 -100711972
899059812 -574403553
865762316 -865601952
370862010 -523228639
-161098547 -493575049
-160910573 -71353820
-1021241192 -123817593
204618971 652905613
17861232 -529511155
41723219 189532212
721707390 465244645
-13261696 343029573
1054400036 786495432
386856806 -319127957
-667280303 851204373
-578360202 -749395414
-719177962 -692317997
-242695356 570015372
987599225 -124455691
-158936196 -545712897
315250825 857354464
-241455338 -901557123
197497522 249709611
291419080 -674742291
428429394 494315941
15450044 688445129
593809803 120089243
40172931 235430912
-1057966758 -997973414
-701433016 333596
49186280 -217827854
-911834808 -834761817
698627616 155731005
-50668671 -997006645
