4096
272826345 -93547243
-251175194 326009142
874101045 -840192347
-783889238 -95453524
817063236 -677593351
-598251648 301920447
1021838026 -851175151
332079216 -361599743
168898701 -993963908
26699191 -521503477
720572799 479350230
503543552 503525536
356965903 869574546
715868369 892939794
776779451 -179463
336112455 721741028
990874601 729448818
601597958 614713008
-329306377 -252346877
-421115030 63023691
-231612272 -819257577
520047874 515030310
996143169 -241303423
-490583235 907060982
-893304501 -17925695
224104037 -258751593
-220346182 -424262524
911771341 -534014163
48191670 177833841
574978630 -572006260
998526232 18303266
1014240471 -948572711
-692589248 -1061187728
667799724 520886129
829331237 -803885325
-78616242 -405306103
-89061459 -171340088
-301871596 597598485
1034114110 777708692
554452953 -997400978
-737580652 1004907721
613074414 -834489298
-996924460 453468968
1066960466 1032778718
-782281759 -390021242
498502944 1021631955
683296238 -114296110
-305356984 -285960236
970562901 -230956971
288535681 386001408
-374695514 537407292
1049302142 703555054
-420669183 -544206765
-201026721 162683925
-650450008 -565468141
840933738 -381271186
569920719 143781086
-494394886 -813926569
965907638 -742876792
-515818057 -43028550
-869304327 554136601
679453702 -533801106
406874150 195918032
610398147 246162653
-862787184 440523115
-360832211 -347760410
-475008414 -734302043
624324385 1036503043
1021945590 963471872
-751388277 228331950
-912783513 -448781884
463443737 -564352512
872047204 491356487
779791408 158144923
-432234169 190339949
845130019 -4171830
-662912667 305827186
-890219102 635691750
-308408665 851306470
860184432 -67536133
494728025 -1563655
-758325160 29319850
-1058049727 509765880
-441004191 -832484784
-433350669 -270981609
-887434944 315246951
334400611 -807844752
-37348339 -976057812
341046715 -390073013
274162234 -1037464702
519496559 618832032
-717621056 8920342
837976205 510179289
-160387942 -742164030
-605411239 -139890469
724826998 34415670
1000714265 41659719
-378625110 222390741
893909548 520524284
308199268 -572477476
250816097 377852640
189849381 -546443575
-535891067 73070304
147707760 598671354
614147645 -67626956
317404606 720478611
-767489770 617800935
804884660 876762277
-864790054 -485203050
516630423 397441420
690305061 1009008759
1048610047 680349335
361359671 636593821
-965732150 474592494
463504650 119138681
278461779 -26157136
712368294 286376611
-211788828 24924507
-968865356 -998365222
-279174040 287296369
-281942191 -684327607
853871716 594678871
-137374683 -617207797
39127336 -46024833
450381235 845530353
7780673 -248306743
647189745 -727677054
-503484111 859294758
-586204133 -1067875005
-1071325343 818163326
528620995 -360124105
756185942 -467344173
471378221 -54817879
1065497635 481371302
-770035751 4377128
-706014690 681267353
1035993184 -672072750
-622870570 101089365
346495619 1052569045
-667275708 -99474771
-90140544 -849554382
-740243393 -1006952957
-568972888 866155204
719776053 444863210
813570605 139395713
1035045656 -523459315
-72227776 63745790
216293269 265940558
-978733477 -619608008
-496318325 -510623694
979294939 969004176
1060332474 -352151685
883756241 -943345897
-328458821 -50633194
-734804456 -120766964
-646447057 752523063
-994714966 520310178
-306761925 325153218
-192482001 -435662075
-372454861 1027947756
142330070 74193823
378905492 -1066349790
-842331032 -394482538
-71433160 -753316055
983208602 1034229401
202632644 761847685
232068002 -100711972
899059812 -574403553
865762316 -865601952
370862010 -523228639
-161098547 -493575049
-160910573 -71353820
-1021241192 -123817593
204618971 652905613
17861232 -529511155
41723219 189532212
721707390 465244645
-13261696 343029573
1054400036 786495432
386856806 -319127957
-667280303 851204373
-578360202 -749395414
-719177962 -692317997
-242695356 570015372
987599225 -124455691
-158936196 -545712897
315250825 857354464
-241455338 -901557123
197497522 249709611
291419080 -674742291
428429394 494315941
15450044 688445129
593809803 120089243
40172931 235430912
-1057966758 -997973414
-701433016 333596
49186280 -217827854
-911834808 -834761817
698627616 155731005
-50668671 -997006645
-705076095 1040519711
207522473 748770104
-257591500 508589838
-964718495 -341093558
1762657 941690324
711445162 -950288023
332218813 219262355
723587735 204320435
1060428391 603254537
133173828 -811421736
567017972 -171621867
-275642874 -518858682
-932227640 272783226
586734819 -606157947
21730727 -699079967
-742101948 124670179
186179723 -1067583196
-210851095 988607827
-200512841 623349449
-317970660 777963409
837222667 -343942452
-471782359 -21517686
1008201114 350331296
-803255540 -783271429
273748345 656911480
-400147860 984243544
-228440103 644477122
450773448 -13523730
654272088 621226995
376546287 12703051
-277516653 -960104567
17677493 -478133027
-813120257 -920348339
783009251 -29691944
-536903431 379524057
980186991 4875869
-319280613 19348313
-351209748 -148768552
-1067551024 -511520107
332319299 -896809303
869589034 -234884050
-865877597 -968584442
-1014817038 993020967
-265679690 -461011937
-106502656 -983571033
322694932 893923458
449146317 830771452
-105265156 -1007444288
-1053711034 481240547
-12820159 921115473
-310109214 -1042799098
-559367807 -331216716
635369718 863339461
-63324771 -879358502
-794192825 -924872392
-135813788 119752388
504660960 -949527692
479979409 521427818
-143641818 878769678
-467928841 -802512674
158160681 814250716
528763642 1000908977
671077436 -699350526
-204456639 978051733
621930695 -266922452
142800553 101463107
-138497701 -651728616
1062230396 811772831
229136902 556846167
1038386914 323399449
-194015000 -41799085
-505698921 -735883179
731319814 576961427
971169757 -805526259
-394836899 962663485
555142324 -384349642
60002362 60663260
440580169 -554535583
-639404344 -913071773
988250027 730282084
-357053718 -1070914190
19395524 -893002951
1024248650 103220439
790886278 -311136219
177704370 -793185962
-919941788 -450886116
-722580582 -756609363
499140611 906239331
923821057 763965906
100127281 870466167
613164672 356798590
1029931541 -906104019
-724714597 -313596690
-368792664 453980698
-435962278 -248428056
-1047615901 910191668
884693784 157373179
-249316806 -932014919
-182515814 -288840437
46098376 -280192177
367011938 876188428
-553615414 -1001807764
1015363397 -758217971
-566706735 457935863
878395195 460070776
-137438669 812509743
-35470987 610195607
240863042 -433114421
696080309 -493847974
-659092032 767876707
1050847193 -765797801
800554129 298905102
641236151 -523705839
-53960782 368429387
-65857488 -345540228
37991018 237999652
1046483583 -287566400
176029886 -173510768
185555666 -477171651
-111154135 137305625
275983643 538126799
1025181580 -103926082
814289191 852975186
-661553565 125551641
-756336914 -733123480
-596624583 -793256508
-779434963 -262113927
773882205 -428682759
893970226 -302228997
-53678634 368690552
-762461450 769275379
939594643 691203501
274303088 -621174342
-265672986 1046530321
524112167 -10044668
-491623373 993393104
-697397495 -882296290
685268452 528066219
486614395 205068150
486391199 -451508705
-780042319 -434535072
-851835717 -596838458
1005140030 1015235094
-289478673 509792254
-1031920146 101942785
-480976308 942782920
-220929581 -645590474
471923565 -106999055
573381277 290267970
172244204 -883399050
-185644753 1020152874
569936663 182118692
427334254 78609836
785765602 569416831
-673504677 1007009227
-1020932320 326532068
-1006261149 635655050
-941904147 340482033
-215499531 382167799
841521007 -268286940
895195221 664106346
771534525 60537538
-85368145 -865351154
491785758 -11363591
101952879 824527520
-770834058 -1044880056
948897231 667553911
120605180 -64071138
600529073 653223363
742348848 -780181823
240074670 1061654297
-532172532 -851915663
1003653998 -995743442
-39587207 -610366004
583442233 -540664094
167652100 -520540556
-573541938 -680887424
-454919983 -373112594
-341751949 -649880252
107488207 102874829
-522684083 -376009699
370517804 946816783
-815145487 -331581261
460807691 309878470
-357980358 1047308202
-47724684 -167766022
1071106396 -417116888
461608332 -721239347
-166576327 270277780
-248316923 328764640
1060552691 461344929
408220119 39334645
447855042 516829066
649091631 587245782
1019323910 -226144354
-1055242072 -1002775692
630393503 61677567
-41954120 447934802
-720716676 288881062
250949740 400207139
123287410 655834281
-552405417 1067243186
214638414 -328581696
-284826937 -261894655
-101171667 -311425019
-532386758 575909045
-843869174 623703802
203484944 632986032
87313303 -364811056
27680897 331363071
-971462575 -964744986
-174539568 294072823
912343502 765395599
944874688 864202138
227811417 89197592
600104519 519216958
891064000 201155080
545238145 -1064202896
-638208661 -198432087
103887591 1001881877
-604286288 -722499129
-629581888 -489379630
-518183834 873630903
-627123753 191385261
-513354057 159142554
430214509 -88144908
-40399814 -865667869
-952044431 -133355683
-366914751 117306390
481994222 573122926
219815022 1005595857
366950596 -42257634
338495116 -943875825
493987226 804131516
154407835 -985046613
952652818 -687369456
-435184852 247268387
86132543 -32726849
-875426321 -246312801
-172090029 -914890253
-743711094 274744369
-617294180 676308027
-898849877 -1033108644
-297429071 491930799
-148125856 770275546
-245441816 -138512809
-738437211 463723673
-1073429238 1072630476
-239809474 637052679
150704457 894968096
118281671 -284904305
588793970 -336732421
618695177 -259941022
201930590 752556037
109674894 515523962
-7677778 -336558197
456374903 417982683
999630262 1050378332
-316844916 482945051
-296189255 79509236
51214996 -851388124
-459228585 1034553820
-532673306 -42819527
-39338942 371878992
-725032641 -977038026
-1010232520 -36874463
-313873450 -527075045
-618510803 209085405
436921773 471809994
-12871482 588248620
204293162 -828509681
983031566 233576316
292984294 639839201
96557155 988080352
1017125059 -438912281
-363543119 720883509
390176067 735387965
-253022494 623164806
-202765545 -47382409
-908719211 957170097
-798811402 488222949
-5717235 -647678134
982931888 -239498984
46511979 -352238402
324454530 1063426469
-573288417 594380475
-357323093 748740904
-144132196 -340193841
-290557889 672480395
880623691 -943123889
947289658 253532040
-722950975 -95354246
-85216296 1016799596
-302278861 532336349
-799492830 -624981476
455300137 -920839944
-631495988 491686749
806759537 571680801
-552552642 -599309745
921320022 -349910872
-420372240 347413818
231061009 -55936709
150580730 395075980
1054580096 771525260
-749658901 549096994
425632533 -662563536
-272161064 862199238
-29386736 404679114
-242116936 -270701064
254526960 550362984
647889391 746900977
-57480410 -433642452
-412781016 947911140
130273036 728265774
502050919 -423655802
-609640172 -879797599
-727174819 -456195888
-1063020732 -277618381
563921662 203474435
-107773983 768889274
-695581872 703649772
282540650 -852955636
-42481530 164245865
-22262840 -887045587
517304909 -982622421
-826539582 -938019665
1020886116 580346045
-478029386 -1951402
-872192398 -938994236
52764293 995510778
67716371 -2114681
-981863985 -387348047
-870281165 -915849551
-982698912 1030698540
852820639 -521706155
341967337 838388577
431316697 476779827
-1019300878 536313194
424095019 -909034951
-28139505 -85922644
254789374 534384972
-971176623 891844668
143803243 455334727
-1030693633 529584765
579279122 334445635
1073250950 -873481203
864782634 187943705
-11049299 431491297
403974106 821007652
123159052 557601710
-481356346 -754673077
-508462402 618595210
-522731797 -677149378
853324117 462063571
-35179857 7545854
-640571122 135720527
-441882317 412640419
859438917 -1007667308
1041304044 -944055719
428762666 715328938
906528625 996019883
-506374475 -701775634
75015317 514335491
-303141417 591245112
780777144 590513777
-107616015 796358976
470169946 604619691
-135334519 -1009079747
807044848 -355620012
-688732102 -635193906
-468268294 372465281
602779372 1040805918
-292191915 356449656
-356347323 -231119806
347739853 597884602
39885407 509127908
845184758 1041199683
60943035 -442027226
-95431877 -249842417
-809129612 123566016
638537527 -954640160
-265894473 549145195
387857987 147276862
217330034 121639809
-297488817 -557297985
63341131 -840199196
-759432203 103865736
-1002820141 485506847
-682914869 498287635
930403579 -298937396
-1066973960 992668977
988762822 -1000139212
-652041975 -423456686
-163216832 895930684
-828087035 -101583100
443019182 -344161922
267671486 -380365127
-442832634 -995963210
-474117782 -383876404
-831413855 59127647
-868941711 554662598
531324206 305369757
-1006772345 -969402148
-222046743 -44676003
-891201283 -212048708
-429436403 232505274
532808532 -1006940536
-334619513 -528002142
999777043 -693316062
202003691 362364345
-793264678 27583146
881740459 -664531076
931367606 67997252
769709957 499872169
-555281483 819194398
928542013 -1016548898
-245621571 263093937
621595276 -977795456
526295961 -539685818
-793081000 -864310050
870649172 693456827
5441572 -273660523
-543337270 107532166
-312067895 390075189
-105509253 -236194566
-247755162 442040100
-636267102 592901577
-850790252 321095874
-969083259 127750601
-703690274 -422116658
-514561521 -245307142
574910319 -620117241
-315197797 -432935481
829960205 -303945706
148212242 979711884
505112134 565680554
588718391 -39929512
-270702104 67167973
-749744063 398860531
-966746955 -849369354
-971063127 -319299038
296439383 326008838
-668813243 -10145239
-802264175 -822970280
-854590058 -465979504
824929463 -1066551893
-498094755 348516906
-656001184 -199995678
-305769101 -879124654
564586329 -485878810
82372826 -701915528
-866471204 752512971
455368974 860953051
350379520 -7747279
-1039294303 -441059433
739242355 -1062075156
-283874554 991221474
-885217177 219287271
-355629652 519642514
914049482 940739909
-225094066 346675682
-772120391 138420680
260936329 559709300
-529725386 316530038
-82979666 -1052070246
-91734505 95996537
-238540327 945342672
-301076159 1032826950
-1050677950 768519565
79576854 -152013311
692225234 -763556806
-65366997 429836064
-327757063 -574271358
-311581634 -642916786
-669945410 -929381940
-179933850 397515409
105450263 -369649915
-238830964 -653704530
-637050246 245957282
49338649 344496843
931718067 -218006811
525039088 -51761066
-714749192 137413214
60151199 -473956314
-209896902 217412788
-141042736 -481961249
-202649667 575937445
-190540283 -171234407
-222522902 -717483958
-975094396 -459275069
345785443 -977097569
145089679 281777989
952400472 -668888766
-1004584232 865105893
936704536 724370299
-706980557 639981291
-442022421 667133820
-731265907 1028591110
-1064215010 487135977
-456636388 687024240
-1035333538 173093785
581596887 260589905
653420617 -105257314
691649576 -339995552
183309634 835591042
-102145056 234650832
560322948 426504147
-606473877 906796649
955799161 63778530
-138529212 -794065676
-620311988 -751238713
1029102506 -187333157
843485884 -741205081
263213972 -644935663
118589747 1030022713
-946182943 582096431
-781677546 390951557
-7354669 -282757409
-1031485090 751120878
-189300802 -948435075
-275079577 107264883
-317654276 256845050
-28696312 665198897
242682403 -122491132
-161045021 284727851
607470969 -599748253
494917629 952009805
749633447 384647078
-1003735664 194708142
357187757 462079742
-859961824 -821773291
600472598 -571942295
470359499 -60326466
-1064700308 494697746
-663682587 527877726
674696685 -1071042825
-287554876 -68190877
883284606 694009804
832773847 -836281729
-695215905 812706847
-933444867 -223559321
616994079 424159420
-506479597 -64875049
-473823150 -300597166
276786639 -676607014
566926722 647866197
664380108 939046983
864686563 591964710
514099684 -111123058
-238181303 106944881
-679562043 923496628
-151566370 -423667497
289926078 -975818085
-666710513 -622201908
618851034 769538439
1071594438 -61924159
976051247 1001346781
-534004258 785332868
-385047689 -703773396
-378867501 40691687
876826335 698559089
-516526151 585107872
384581919 -256738666
287825519 346676847
-441063222 644808252
130802452 932670853
-876013338 474874298
524731064 227669796
99374783 -143986588
-547777194 -529314942
372093176 -444342257
-940423934 -57791501
1013609442 -264974124
1029688414 -570877370
497897232 -767515372
48719954 380385902
-758071254 -232581699
-217140997 828975716
-815999231 118957770
-239481373 594408524
-1049319708 -697180144
444348787 459439830
337180977 -823570890
-798111835 688005095
-750054098 -94629884
733799421 -50776713
-554454759 -47320095
391264953 -444012356
-81829763 -661493354
-982957753 553746312
-748481594 -614085544
-398175754 893771759
961576215 -675100412
995774192 697379372
470511195 -762223445
-54067096 -538866492
512656538 -98474159
-844717553 -604391701
205436045 163196658
-845655093 689736999
-850228109 640036549
556425642 -876805069
260783909 48275139
397317908 731268645
-653603736 351281002
-232517312 859735506
1005836930 -673098306
-171490071 914957425
120919311 251708304
-1062196416 523439486
346760468 421748738
-1057895900 564030688
-1008626092 -1002326967
640519055 806429517
-328450590 941719732
230692947 -868508435
274200055 948317678
-640374265 -620499395
-540359931 -668955009
654772283 -940877002
-807881204 -235228008
-368335630 -1037914963
-787210197 396681231
442010705 -3934212
-608900231 -751515481
390142867 -236012318
681323797 628672661
94483263 -923959897
892748923 248818495
-866658147 -799394429
-577823719 1012278342
412514917 -358002368
-1055826143 787165894
669863098 265883166
-190662496 -259722020
-405442474 377316086
895250383 -23744664
-385558267 121558945
-213846615 318836243
-1024645289 996470426
138688445 8511379
417458576 -445971231
-16397243 -839331283
-106072093 422104098
989416310 21755003
991616991 -704265450
-1029019111 -961085841
544117545 -79605719
-779114150 15246999
-466694805 -758160803
-88625185 21596066
775415180 216251501
634036252 -494052830
371719713 -884715979
-40239131 980911763
49334562 169689168
-938539708 248009627
706040544 43488771
-336569204 752366739
-16447434 740133209
250985389 935001157
476343295 -1035598450
925947594 -31655945
-651743289 286450608
188254728 1000879784
-916020284 96718211
368856233 -505380711
-904220154 171567781
317931864 -163003634
109762797 -771310606
-826574907 395113557
967825628 755157289
1014182772 764916743
202770731 -1041300273
-94417966 153824141
324765794 1047398995
772733321 -351735067
308591523 785422962
-1033984748 959249830
202690918 302184924
-574584171 1046205505
-587252884 -1029761513
642467558 -578511479
-295545875 103587
-126115347 461094004
-318070253 -276942753
110635572 1050347042
885092779 682756395
779777464 -1054813153
1004581401 -21444147
191568896 -252217628
-707702643 -722221032
-822428303 438488227
769163635 -413105334
1066642400 -928382908
-387207889 644752566
858065001 397391018
613020682 -484972894
553740926 -171237318
-183141017 872711538
-182950846 -690430820
-149551559 -976675067
-111970281 295857859
-814652744 560997470
357847925 -1071133909
-566368430 860569991
-899980547 -1002022303
698215647 -81698895
-33877043 -198360632
-783096807 -331864672
1001215509 -758713191
-743855029 566925893
-928631574 71061803
675881287 -780874324
-6842534 -701116812
-1064889188 -617173992
-926449985 -356287025
-696834552 741236587
-686074280 337437951
254422827 -263396661
-506451947 -218762125
-120834435 1045277826
-171914575 -248078901
-172352126 442798630
-577217274 62312090
25656891 -576500999
123773596 -8858771
796945375 -464898926
213980546 -839358708
-1027994933 -498188868
54313313 -121310721
-109038666 -845669475
940194765 855752275
-132278744 -14734054
151145950 265233309
1021251116 826585210
-824761601 -749998273
940187972 821702473
1032786181 -519140119
-1047931235 713573502
207310211 -622218398
-493592957 -797368097
-23845796 -171402872
650067222 -176393820
-1037466728 -861210731
1025436733 928025946
225439867 998856867
-362141477 -753464566
337590739 -1049722767
669540161 -650565734
-1025934447 177924455
-76158237 -899506830
-152680549 223583959
-1033888435 -429927838
909576160 374208389
780550231 991330242
797371820 -1061292951
-498333801 194918618
-994442691 707086258
800924951 -672107644
667167893 -950188018
956888391 721286928
228212881 657871912
930641460 158455143
675048250 1001089650
-512754182 -179809678
-905277350 223410468
-617520009 736255420
780692818 563227267
-668298175 -475757995
-524249814 1002451302
250066649 -709201671
-489514519 522934773
-813731808 -293173134
908719911 1035330228
247651593 366411834
631280096 919396799
652364175 -982476445
61399434 649312855
-204287511 -484902469
197727848 970122908
231760636 961090859
-244199136 998447516
706399761 -917354145
600850315 668597644
12837832 21434283
132428492 613290580
424659531 -106796756
220463779 844853328
508035781 12020014
-830778877 -290753708
-722152939 -962297395
-17626911 685609457
158859454 -98797858
-676915378 -273685258
-742447582 1058085647
429381063 -433446087
779285232 711605068
171448012 -61467242
-1049874727 -877306780
47332782 -214120648
76438921 -580833556
-232296787 1028650519
-109887787 803331427
441003073 -119830591
-648962512 709466262
64943544 429065820
473769315 229836357
151960320 -989107734
109323900 -292456953
106445254 -600722994
1003196679 433389674
203462591 500372112
-187136389 -904989602
162319940 877902812
268059127 -56281390
-551634140 -688031024
872302381 384399519
686942901 -299910025
1036258462 953378469
431124268 -456215409
-1071344377 -714393549
-679913170 -878203758
3517467 300171180
-413162074 -237191436
-1002980751 -901947034
584168664 -181763416
-319265601 -684223275
-21324106 -763467032
-949786040 466670568
606074994 -801317067
-509708653 -361489230
574349140 -863875171
-73147811 301295949
346840269 -307574468
572219343 310034939
36468683 -836776188
309308915 -119419507
-625178802 -433816896
336719716 -297565177
207919674 -615241131
-742084539 -819075196
756353135 772291915
232925043 625338199
-740916970 -316823925
857825022 -729689741
482093629 -522496406
-475992108 -984680948
1059038630 977715429
-986364737 83583357
769134300 -985398226
929274001 -672739220
446318214 632517479
-934141028 193741355
-373154049 311855532
-712430489 463981921
-5685723 442665303
686288799 -70083863
-39204752 289885054
-789867700 942222073
-1070061242 -241892416
177576260 841894022
174099598 131333185
639796451 -178303257
715775363 466456050
-442980357 -820730440
53042890 99997973
-398308599 -107768063
128921541 -375782912
933602474 -521870442
447042345 137295392
482366541 324385216
683674317 1029242176
510874664 901706268
-969433915 -570123509
929535599 520664771
-80685649 -479361841
-243088957 -48301910
-780477364 897101699
445038824 -370321588
-652334510 177388043
401480123 390028933
346144383 -292276295
-624803998 248266433
1051253745 -633233641
-431467579 780362581
568126132 -501948189
154405948 -358511828
524045724 828042074
131575176 1030506406
-417316523 378510777
-238857465 837551548
-740747080 -343478272
364180771 836437351
-756979105 932860664
-824319221 -511581374
10355579 670927991
93954981 882940013
-1012288540 47092706
-285380157 -1072884555
-586594447 -257412364
157730708 983488241
731201673 -961057091
-341660324 663824302
-5494790 -858784532
263110503 -352593394
-635861495 -243376
-592437445 -660818196
-347416375 -20328549
-724843508 338294340
-810738768 425381225
642702964 -351769902
-526207898 -397242240
-615693469 -540654600
405461216 -750656167
-624487853 174426596
626049709 -712152609
-238679360 -208685070
705315727 538953845
-319404841 243145038
93491021 -86630594
-482000531 -201798691
835145415 313857943
-615676622 713592157
333140043 98136552
-821808346 722843338
34826534 -738260580
-830383542 535890435
-831038340 -22702739
722659995 753481133
447339356 915056612
576030011 467284823
-524815858 -643517408
-452092943 -263068705
-656312657 -448587051
841913299 -390623725
-362722049 129205143
723836737 974791578
-296381575 470615640
240337685 -408719339
357895588 -976885457
-419251432 -437479808
725639081 -792660390
-234376777 391282910
112389924 701214342
458653430 254748181
-1017086658 861330253
-303275357 -926496234
-437662213 -288930305
-468619825 -637100992
-175902512 877958820
1028329338 -1004251130
158531192 -834101439
278804621 587516878
-418226169 -791570598
674974476 -901158372
372372287 163449784
782059659 709052655
-701456351 1000441452
667481057 302789483
62010311 -498257133
586144283 -454250057
-27814800 -612891814
1015445171 440412968
-994204964 -500820028
505145090 1047955102
-327656230 -32018262
-885726990 736423214
-922413794 -964547709
273866999 -116550911
-922233768 282906725
510378815 -232740229
-371902591 -842959924
10828839 183952799
-812949641 658157721
-546642959 -538433103
420595148 693616220
304925108 -857253604
75565786 401942485
864010643 -176793706
-688844518 393995703
-784866767 194227329
1002240437 -1036983888
782820708 435513236
137483867 885728677
-641769432 352005050
-359259052 -609797310
929105365 670794809
63268052 -363692111
-944674156 -399579113
310142610 26308520
-893650673 -37941320
338171035 -122671191
685444967 77037771
-908992926 -434318203
-885033110 -602508185
904006940 -985714655
-679825915 872119152
169974346 -595974532
673295863 567248191
300571543 -92352784
-70962745 281554049
873306083 903472567
903323896 -88445345
-806987361 -1054322256
-236446598 -127979553
-359787941 434618979
-1004708254 -326093431
-511745124 -744183230
-112041763 258634061
-1067704078 93788465
-656277406 95210148
-716644534 835992392
-514978522 -59194124
866231680 592609239
985759701 -737368008
-722431432 -950358870
506774910 -1016786976
-582448402 1071669645
-520726834 892208117
800278602 719376402
298389120 -95813504
176378808 -141644911
-236129516 28806956
-145765832 -117533329
410937278 -419145942
812185714 393709987
887290017 302434132
-1024318452 -239136906
-591776196 847625876
180229696 384905865
-29600732 -620243321
-523158616 -336558052
-933789965 91894876
-1069191844 1031455884
-378004096 -319224830
477673278 632464669
-336105137 268566914
405909395 -1044893190
-420525493 805024936
-990301226 905223289
451461554 -192789783
630365896 776945058
1053241424 345308032
192465867 651524337
-911223825 -875691559
249002864 565675867
767678477 -796935629
-404886194 -854036850
880391631 1059708032
-1061108971 240101501
-338288842 -361606769
781091042 -987807973
-234624624 -1024704916
-312787244 944332902
-4609232 -910564858
662527966 -635654490
-557645728 -759420654
-253861410 255774966
1036430230 -120775633
-1006626066 7407619
995230950 783322187
-678955014 -377304301
870804664 -868703932
-970518381 945992009
812955066 1053961938
147792897 -679597274
259111447 -377031773
-913189986 -492515245
-365522968 -255711545
-846680479 1034700189
-48492309 -66717874
-486940231 -866255041
586197362 -645471697
1071031195 604529511
511091357 1066140267
955099614 1017188595
104881099 599900017
-184728890 -234992005
865216333 -341934652
-847912227 428467603
188268124 416232922
444021769 -567284143
46039117 865867079
765407707 -814723316
72937730 -510423526
283328292 832697447
-611636573 -1026787193
555884750 -1058863731
722548366 -235525435
145021416 505518269
-848068213 -713577671
-1046256382 -363025400
-606019772 810377428
89302714 267740761
232837363 -765008456
373716374 283436214
257360733 -801316831
-162804971 321591236
342636542 309396866
764178944 118453648
461376901 113814510
68077061 487883660
663378818 -705393223
-189179771 -804553513
814355805 -207707297
187403948 -893019968
-284497783 39925667
960072898 -323701364
-760608262 433625595
1055589056 -307926153
622192340 -466414805
365014566 718851064
-896816028 146341935
-687495925 258232649
697359187 -603900067
170049141 589480486
-455714280 -484172853
-50091030 -286716460
-820659538 260178669
571250758 -295803804
546350983 -891826045
656433103 -670625992
870689727 -240718671
473478534 -16396858
460114581 -761005969
-271922753 537901724
-595486186 -147725277
951535092 -129303389
-498608870 -1054520181
35500501 -1047476057
-791504780 392577504
-229075550 269448982
191217508 -607855304
619244989 164737543
806097744 -893958101
745325434 92012414
657736371 670964409
119930682 182594542
179426133 -745131158
190039991 975853822
597590972 -819106377
837943968 -850676593
-714354718 -4072792
60279400 135470078
893095207 392781758
-312021670 -860344410
848417160 -88481774
680249840 -1028547928
-119432687 841503677
-152167323 589271789
597222544 -63475334
682135945 772789612
-949473141 -139145590
-521784621 642687656
-288580749 -674391849
-215875652 447512444
-459076584 78794588
347490378 -472334822
687743328 890444995
-143745814 23925584
165664819 355776591
967337858 398900237
504569017 33026300
213615047 789444388
-881804601 657213155
874863819 848615247
-962698858 -1020774685
344362457 180531573
-1072845131 -467133314
-903097212 -1018057937
-739478464 10407424
-656871939 -940036728
538357330 -793684251
991742373 -487571452
-550642761 784954492
-69471517 -546631709
-905925146 96516295
-1036565450 236922790
866731053 -555714651
-876464243 269010
-126392786 118546994
-866293802 -214521357
1059025289 -212601746
-213968940 70034147
-33689894 -548464356
586994229 437256524
785056229 259041260
201750243 -594734230
-921163504 -915627557
791955866 -203970795
581304337 1000230874
235853242 224887550
189200871 345155501
26262365 288141368
-337689075 31038230
865057196 -805283846
-597601043 -562383566
1006340718 -182503005
-22433902 407611937
787899105 633797885
-619440478 -164774676
-726389299 1004528837
-623960950 -903798877
1028313813 -282024598
-627921158 -143937082
-361816305 338846741
833700756 -251477786
884941527 -461954583
-457008161 893235082
-889972512 452269963
1000494209 1003595350
-329045365 581813476
929805229 410301289
517318011 5224741
29321946 -242680825
-13207959 -606185717
708263861 -317266824
-434373324 -27584156
-591998889 426201647
974294587 -585098287
445114042 939355181
318584047 290712524
203689833 -205423193
-114848861 165340652
292841334 337960678
419216549 296395623
-714353231 -115275666
386203794 -542622759
-680582378 91370594
940322278 142761795
-868112761 -409980378
342437330 310676565
-798722118 -454143931
-460887470 393275119
37838196 3506325
223381886 -717065499
173665015 -927327591
-299496929 -728647934
507936952 -106897370
620729733 -294515633
534258772 272443464
826022550 -868344428
-949263419 359421029
268502570 -835822817
782874576 -883887197
-287036266 -235116861
-489023039 974272647
139606150 -175981533
-356990886 157983966
569160464 712513840
-556189688 739971039
87554309 609905391
-1005237672 -66753903
128102793 9781887
-390174552 -1006311830
91593189 -282323366
-294744543 1037001272
-590103909 133223387
917556452 -930725564
-673162822 -774667009
394852995 1046155444
-1063174540 -413135249
-1050333262 -418472143
327752173 -783595075
-1048899779 139946697
-939579051 104923118
-448919491 514230549
502687032 37259320
-994375802 -695177826
234344980 531500812
-445035421 328282748
-215431637 -696596139
893867141 -231061696
906967194 249993218
928387895 743549459
-530354773 -399384638
-982259754 591990558
660575334 8296718
240912256 -889873875
133376365 351001708
-937013749 299306638
-1068944631 -735613200
-567367111 -272131777
292399743 -538111226
596285737 366713159
-472930648 -484204177
-376019697 -724891036
522394560 -20697463
-594863321 -659261979
184435837 263700434
-1045861146 463703513
-21231517 -409184850
580186226 -633088407
904786774 -97890968
188642388 -104201854
-801271184 -184590474
712202860 564453558
826690069 -131809792
1007889957 691081572
200145219 922359715
910944744 -541538539
-430703058 -209223055
72392661 -977577943
-455905269 366252860
537229744 -804360014
-720461268 637740308
-1000913895 707071903
46613580 -19884787
-626788096 853979676
682079276 -16222651
-1040384682 -784117447
-195603362 799015460
-429718008 -782821943
276626528 -505296667
195483688 -88414580
99603947 428172885
580474989 449655952
680016781 302464731
-622289443 345024979
-519607179 -1051686729
-5309496 292855341
-978966131 335553934
328480504 892696172
-213413938 900272165
-760194523 692146624
-347159602 23290477
-278733394 -1007703719
-487898467 -245811265
-213379450 866174542
-912725038 -825692313
-1046339476 -943443520
-1026680608 -1014328474
472495966 -267156673
-475834963 -893491341
-1047612337 927019371
233148005 -467213245
-46718697 540100830
-407058806 -317676790
-179890262 -842257079
790539599 785317184
233496716 -874919715
333816614 637297832
713032836 492162539
1071252631 454670221
902907279 949219022
-91959725 1024988494
-446385385 227880968
-192942455 -317917411
270159204 -178407254
-597043337 940085507
-783487918 -64174855
602351427 -989675738
-426877628 -1032937650
-696878838 827523918
-902632360 995803965
-209210567 -361998683
-9450276 179212025
-762747108 1071502270
-921496321 1058481911
934548916 690322648
18038987 -622628912
-997954100 267559522
-660639662 583090795
-1001203890 491367874
1027134759 14106203
-41426990 382948433
-84868336 -742465915
1070750839 -709003606
-311420935 49853445
-927116042 -634114012
337702698 397339473
122751987 165534364
-921644100 792231839
-699680618 -584250761
-1057790391 387039364
-667695782 -83376410
613591522 -702214691
844015652 -462192020
1006529605 -813109774
10790807 1055496093
-112362161 629596631
-420798042 -336572889
-688494161 -753886187
229910378 466660374
200060124 1006599562
836469301 402757459
-653619640 -1009484659
186021350 -731575443
-417391147 -43197867
655152254 620521371
108725128 -830322021
766981875 -58386175
-951183748 -434933380
858222404 398402866
-254611688 1060887460
798853069 -181184267
-479926140 -657402711
-232987684 979836748
846218584 797622196
953832835 969426097
905145238 -354888090
-149603153 8071842
-482120742 905409016
-293928071 1020931936
154486735 -37797212
-195720261 -971158030
-403657755 841357635
-440770074 797784688
-808972224 -825219273
-352728813 1041596029
935163123 -895821686
-957746089 -230860268
52047213 16297047
-342097574 -892900216
418606899 -209211544
-523401174 -642487867
-673409073 214072608
-96283572 778395611
514022919 -532288869
-899474668 677269693
-670997934 -266092525
422658870 921838661
-437136761 324871301
911282588 388839034
-653191977 -299524205
-680407175 182715925
743943677 -616966741
141868445 -836778174
350279347 748905065
20375819 58384035
461403239 -336235206
323695816 -124024679
569600302 -995879871
-110449419 -769969979
-760189191 -254662275
-533825760 -166904372
672068102 672185898
-720899114 -968862374
-925065576 -498333592
-895425156 -1014932375
-187591191 365506330
169259102 702003139
-572621217 -404625392
69273608 522621125
55501566 -212249496
627416532 -770235803
342726174 251117361
188720324 317477493
-520090787 164700752
-1017430383 857742120
-104276778 -361458265
-34462205 128944341
-644812910 293670003
964176515 -50180101
-214308034 -1057094411
878399726 1051148164
978581790 782044756
929344939 149885773
-992215487 166938817
1048857599 -754750746
-848902922 -16235556
-408701281 -441456490
676383102 -611721387
884995462 -235946847
600940034 -540339754
-1052437239 582099148
894245319 -693257696
-944600537 191662112
-450115681 -554312076
221317157 -784759058
824657826 -813236685
-499672230 -626018541
-493971426 -453879352
-622387897 -745792387
366049739 -339258171
-56601110 -922759699
-639540413 -24816052
30039635 975758846
65648560 -232731728
-167503753 440074341
-305646394 -687656613
-715861949 -547633287
516541428 277366257
631069172 108811765
364862165 544787381
600588709 -373264131
79754988 824540203
-613621719 546365022
825082000 499847679
-263034598 -561620198
820080933 -804090587
882722354 758052386
930617484 17765696
-630565927 881316709
386645468 -431153592
1029755646 -618554615
-161556655 -694373530
-833805271 -377087753
908184964 -394589150
390307793 551145629
791739868 -1013067841
715661290 857508078
797700164 -899372315
-1070854462 538449069
-358763490 891034496
27135757 -985867541
779720822 -230254872
595824958 -727718962
170832762 -87069118
1009117719 273051027
210234666 157095205
-733888893 1059540437
901087563 791588479
-266282845 -922049778
750267552 558564282
-338445786 838113886
37058908 1015368218
-356417571 -984593013
-119546158 -130131352
253356685 -522453687
-686512018 84885204
169779463 -139973702
-922953752 1072970519
-940179594 -628139209
-442665291 -228740392
-1039464457 497317200
-15267135 -302083504
925059183 494018065
-31776165 -158982864
294439319 -1010468985
228207473 99436481
525556571 241375618
756746748 -673317299
-7482780 447562139
827400637 -1069744451
-272037133 875462520
-761477335 910502019
-291519248 -110337714
-479376479 -349346119
-1041519294 1050272935
-734324507 -683632502
955066465 -788943004
725848010 -455009328
-225660376 -868461307
580361771 745004542
-827201809 -987288536
-1029095395 -664201408
484018649 -694912945
160653414 904336352
47520873 -676992026
857394222 -107106325
36952923 -401684861
706620918 420964628
-897698639 -773123217
756433866 367471319
-680916213 -1007825820
-878263118 -1049610015
901732923 -486021992
508799341 844618670
-989196007 -196706310
712363105 -397233292
-793824109 919001786
-154856244 -642132673
-439836665 109225231
125673792 779228765
764147412 597677876
-544692915 -277730821
859216686 -618970702
90762879 -941984497
-775832015 760569317
-499759990 375110777
507436344 293413560
-839771965 -640151196
552484975 -1035148878
-499959598 1023123442
103173799 -985042890
298678438 272712728
708561513 166994182
351635368 716245189
503860301 107237896
-189766349 501544265
766348939 314937933
425797698 1002622197
369712594 830710862
-566292886 304063742
-935902376 -289546120
-374798837 -731089754
179977266 321895402
938158018 -338099299
-155577883 357857148
643683105 894229155
-765122500 -882361597
-686988638 409737842
-918498213 -230088494
-460018985 98065627
-46165740 -60885628
834910438 -616823761
823501944 -522670087
1011844149 -609182496
45746865 721085853
-1000437920 821507430
227195407 858439408
261190771 249958
-479685536 471150657
-60393387 533419281
1016109443 -838174020
633913730 911581642
-63099073 631388583
361053692 -871652085
-42757552 289177576
41469059 -766271351
621724867 523815370
333126915 -687080811
626691459 -50084096
290298957 1016545732
-106537678 430522601
780879625 70403794
1046555709 94871829
486780907 544698563
432842282 160881671
210306341 511749962
-345557453 235717692
164430108 -548688018
-1039021800 -582678164
753906270 -551930261
334452785 313747471
924733138 264423126
474583490 168480034
862946864 595850243
749154962 648835626
919475 -1037105238
-873077570 -98683528
-661049587 -660283960
-361580598 -1000885585
212798619 1021975234
-937851400 665444227
-317571878 499523536
253024989 469577923
-904838376 -432905832
153956144 509512600
905730926 -921303783
-942699035 982746894
701626349 -618404150
-282003847 -789397036
672750870 -445681662
-946532209 -616214465
-43642481 95346330
-921434948 -331184492
779490580 929555152
530878110 914858886
478679723 -575817874
334273587 -704569603
950403611 -706340822
-626258329 701735192
158592158 -478365104
-574984466 288286069
-1009137451 683879326
130658132 -480964945
819634683 213203822
-189971119 -691720664
828014173 775442970
872822881 -719322105
-155731703 233724571
-248908652 222968708
70501061 1041965683
-903678302 331327330
-59605437 648369101
-167271102 775897789
253143954 539651553
836037563 741341701
804591318 -693149795
935291322 345669706
-222331333 820881537
-792245146 -309021511
1050895142 -287890486
948446386 -473998234
-865584467 -18292270
-1057009935 457126987
-94654135 8893366
748208047 849780624
454161866 2575673
695945661 1003845132
-638894198 178725095
-418729587 -349653237
-240188443 1046370941
656875968 44835921
27299560 604150663
-988359427 -644085409
-1015549113 -567583157
494930180 547730164
-337279596 -840031515
178687746 -46572842
-151693650 875416243
-679375578 573082577
-586456714 200918514
-931969677 -973585920
864575433 -251660375
448132568 -536982710
-927827287 400454597
825107837 -791303121
-864269891 -883917947
-276565153 -248640316
846714363 -888906728
946485790 -541691397
-1008036957 -174189693
722705685 1008977704
517113710 -515579960
-213724501 -27788352
519834375 458759236
946126824 -38356637
-599071558 181014872
-134727349 33617435
-330258838 392534603
-143622951 484501222
141920200 489538927
-419645063 367269489
-325570622 -732638591
-898615425 -365321178
928784696 372912981
-584321403 -765005976
77971189 213217970
-761015167 981807901
255728348 -856808070
203854356 834590060
-7863199 -262190578
791758880 -471109689
1037240891 531020272
453780124 -795487445
-294624425 161976745
167212202 94866598
662237967 -393170196
1057847785 229223962
594730139 466011387
527325448 -364716225
335043015 63133513
814824347 -946406675
459852006 -638514592
938381105 -995312485
-406313466 -56171772
1055179685 -331202014
-360684700 81996696
972692148 -1061067321
737891618 -897022015
162749648 -913230729
641934391 -219799992
-698317005 538051668
37911718 511573316
347981622 325447536
-685970702 -997516168
274224866 -469780777
631971024 -419782151
-7598393 -552709677
850262302 245517588
216514828 377204074
67552019 397945710
-401362489 -392601557
-9323336 271449195
-432619378 -620866007
-819725161 -153819437
613160782 -758859448
159673009 559178931
950301274 -779642441
-532473676 -364279423
-840215097 913578684
1066494317 -426637693
-1061567498 1035610038
-344933509 51941744
-909817487 -1025182368
640977733 967741782
-363630085 -731655342
-877641683 232338879
528939745 605032909
257431813 -399090673
-493005162 168099767
-467670079 -1031805136
-364358274 -521452316
-363221906 -579179152
-675739639 1026104470
763424610 -947494743
-441569788 -411225017
-788538699 -866577247
-769013973 -543018331
-892519697 517294004
-376006398 -923456803
747286274 860950960
-44057116 -772177892
717561722 1024548095
629772636 -63373998
-311888654 597773835
-973304397 -56154824
-811679286 1043217629
-769134903 -644153708
-681815274 175580423
766193192 -756883269
-784245543 -462901308
-602756011 -425065385
320222578 426589277
-710599831 -752886678
-776580011 285903565
17071841 894270354
-845707266 -774050649
-901851983 -913995378
-424011997 815407159
890747806 228560128
752697641 -456902168
185969357 -789082764
781636056 643252197
-344813930 372724128
-928793519 -817734655
616095389 259964397
-508366530 -584595493
181633315 852825910
625665100 -638789827
-236449895 -215667250
897414358 106284228
733499510 -576539449
639970786 -411097914
62978633 77023601
-794685104 952181359
-82242543 326758177
196829776 -844698835
24544972 -48495821
-475061484 -714675123
-1041124275 -941429423
-640730682 149866214
158017362 766906356
-191401796 -799007243
521384149 -105071318
807847402 -83254583
-20412766 -310365286
247053720 -4586591
-168151255 767682501
946515028 151036051
938378901 899063182
341322792 466234030
848988445 -933554693
178336016 -586837661
-212627815 153048381
564752550 786424352
-949308585 -59652883
-787476193 -974389699
296757807 -935086440
-856829062 -864728293
941134804 154471037
-1014027019 -326451062
-711985300 355270292
-768474173 172095851
-659869597 -855479854
-912915716 -578278762
295822716 39184299
-458638891 533799933
-435659480 132429784
831388176 -195903471
6406939 -641509798
852240821 58549604
-1038568677 73076670
859012098 172523151
955587866 754324897
-442743393 368315477
721671815 22665078
-502276075 -347163128
374697184 94872454
-960049023 -274596821
-96531061 616027192
-866769532 -144936616
790730470 1067715986
75513981 -307487388
-714594660 -243708161
28081658 -960926016
766556474 206757202
1028419947 777346593
-1071206655 967526666
-458446824 -588011421
826296829 -524217129
421144404 116671146
730691926 130072669
-115009038 885877962
576161253 389954359
-128163592 -539359768
884372490 -945552323
409271186 -173668511
230305468 501119242
-318014903 214780394
-1047343136 200153528
-736300684 824113399
-360408610 -478952211
79175406 721049697
271152754 670445595
396277513 -570441662
692784831 -724557822
639241409 -948243677
-641871703 -72669831
-964327116 -476433831
190215523 -463281554
-406542767 332903595
-526852794 979966763
-284073776 -281976008
173561060 109254618
283858273 -131792745
-596732067 -365094325
633273639 -81453505
-902815248 -990319629
-396378777 614302761
-23483179 -716650441
-957956484 -438047052
-409215671 -862443798
288603662 -555989305
883393769 -348640492
711741571 -186271684
938345027 -537019915
933840308 -384284036
619615913 -587497911
-859233052 -433004698
925025609 -356361268
-61213715 -872170380
-567734406 288823040
-805585477 19661344
854499928 -927714003
-557806594 1043379588
407751058 739989672
1042663451 767443008
983579521 -186016424
596522851 -568489313
841060989 160872821
-421329274 -150989828
-51411092 1019143827
376805449 910863714
-868564581 -183249186
128125814 83802738
-971747376 -1022281049
307604500 217848969
1064378015 -566912481
781173720 122956833
-1044512772 407406433
-303137317 327705719
-235661295 -968659787
785043852 -1063934610
-37305518 -335381742
109684967 592916403
-75413043 -432571164
202094054 551206689
-340003898 -445607664
-448746696 -655267995
-562736254 429986356
988335152 601822949
144037987 -4510157
-422901760 130343901
-659488972 785183216
844436518 -176126005
-482823226 -537146024
-520209883 -209867507
881637307 -656026714
303877240 -174329145
-208067935 983579618
-60197181 907463434
-816558270 620684714
292216139 311072562
-711079367 -968301004
-608747608 -66804082
-1073408568 -12951150
-6221128 -675153082
-1005037847 -361483208
-172046889 -904201863
642269090 159264955
-519231668 1012425893
-512767331 -796330533
-93381627 319835980
-287073289 23634115
407150215 -210771757
886446936 -32383090
905853215 -54454868
-937780413 930555917
473001821 1053416887
69411246 658249415
688245442 -678150939
-709253675 630274624
840531640 168120862
464443210 954912382
-143140926 -190617500
-238697904 -949408568
36366835 -481724872
650437994 837940144
-476761436 965259068
-334853074 -211473580
609689952 1012861977
-192183458 55175648
-984630237 183757986
-939492808 386022486
-226045244 -42321863
-428366580 -682731631
-775785042 694788209
767915279 635655558
-999250986 423029237
-827819665 274334413
296313832 -439525465
539082151 -16875425
-123945789 1065997324
902052115 -950944351
419643688 -442903322
248718278 -946205023
358556333 61338914
-651148133 317743774
759627767 149442804
160992394 -1072963891
466805287 -953765824
868127548 -387587750
181869972 -425071813
767019232 577548460
-568325701 -1026132654
-869633729 974871277
631030899 -38522294
620215310 800164297
-912886684 -736495192
-704737662 -1011986827
334806713 730033234
843633194 735914482
-597203948 -876871563
717118712 -294333038
240662722 869558185
362137248 775655355
-301470673 428192595
40681253 1058861290
292246428 645389131
-982074705 -690385670
-930730994 370641597
466224802 154723494
995854217 -83798188
448830445 -290821300
274422142 -624507244
-169655649 264938739
817354369 204719495
-819275073 873308303
528784190 226588315
-707994020 1042305667
-265498963 927824330
-578457374 -643394714
132952964 -990178565
346197935 -334248183
-3253011 -980036952
658061285 163082169
-395281799 799253696
-618228351 -251711040
165244755 -254907955
-1072918612 -730330318
520628408 -164921767
-1046854063 -520567835
-770218074 90821774
-429501201 201710016
-371232301 -392854500
-1012273489 807890232
-397582880 -542509985
-74897480 889319960
-127504690 588907711
428212162 541239424
-547278159 -1022896294
75563497 -554950097
77944994 1046225376
-796684861 -863021052
-601984519 361179327
-641917516 734139329
207426236 -860632961
-287433088 552317458
29689169 -623431314
814754849 -896696115
683574651 479082879
125093850 -927187589
-573852029 627271791
-686761077 -321619945
-758986571 -165207512
-476275129 -355738091
-142573042 364221290
-803951069 186495397
426647090 287065256
-765299888 393277752
326154659 717977391
-96526228 -520424637
-293094352 -862080883
1037427732 646543938
-842860886 406984752
308223933 625706239
898656222 188517196
540522436 589324051
703388862 -780629246
781504706 665367981
805429217 832202942
-735736283 181253265
426683437 990663904
83469819 -399610012
958469841 763048862
69000721 388242214
108962937 1045519400
-305871300 -216933378
-1024639555 419145228
-286309386 -4379843
583939801 -861443877
-702168276 -977790564
-319447389 65950221
-805167019 599192008
366151865 -87083743
105881542 121569056
488654585 -341755384
-76315068 297041085
691914293 1050742211
-227662118 715780274
967541287 797833546
-411141651 900954004
1032373410 -1010367825
192909709 -450575300
-1024187382 532053123
767065869 -867641397
600339718 1046259576
-364085803 1057928686
-758471821 -676312505
134379381 -619275934
891791003 479618004
1006122238 717188282
-161413978 933256079
776393101 -695432352
599365968 986862620
216220199 -130543911
-283405348 -223771595
-1017182516 222702668
-880025528 -944457265
735729862 -248355260
634286017 412052347
817523265 697800372
1042420824 -667812849
617319200 624956731
53601270 -158329723
-375372019 -635732567
499472013 -978831326
-8662830 837540546
798462864 -373950758
-802730265 978598209
-514743644 -764780046
-1007231669 -552671457
-215321705 -1021008153
-549693290 -458104044
-999624303 996078734
-1011661233 1003241566
256087432 757206652
-833458565 -275807552
994323449 -812371289
-878380427 -991676723
815645140 366884173
479603972 -151434650
1013050551 552335124
817366954 22145408
-915283361 54237554
314470714 -45227222
369300314 -482273970
493728173 778361550
-104448767 421140455
-741058764 -586364490
-803658075 430459380
613800080 147363026
-344293880 -907647731
-963868511 -27018569
251299599 -1011958967
-497111235 1009540587
786076340 -546302681
-99886269 55390047
-969379519 -692581967
-499858961 -948110020
868373434 -934791970
-365871250 626125282
-834482022 -237113288
-718451531 -270364884
-224657470 472543678
817823373 -801140231
449044910 619934986
-504045070 -252417560
935560681 -667757898
-1040365154 493248866
-488790845 361605628
1014784223 -187362852
-887578560 -371064676
-860874831 -214966179
-944562094 120847618
14564360 52969022
-590758325 1043472039
-159755156 -182406608
-387484788 236591287
-1036644405 34925955
933347202 809382643
923295370 546795941
-503531309 1040536792
-614168356 415599080
-127762989 -516022527
94099031 -354771577
515684412 960476873
-721839420 1058545130
821438494 -103208908
634567734 -179858136
-803902956 -574979570
-524351907 -898590514
-310285128 -753856428
-507257061 -189487906
-837596840 -255698733
-1063440296 -740351206
-929008663 189251087
684366610 962077314
518223419 -739840923
735332279 -401833190
458795630 438400371
-610539594 482777583
772253860 -508489
-356271021 228495708
-594977801 205889654
-947996998 -69596791
-98176339 1027304926
783942999 -754533068
-219865686 -297785490
-205413788 -896258381
-484551899 305733269
545699779 15507769
-742520674 335894937
-305665011 5104215
223352847 751264442
-37163798 44476358
137282657 -656775785
826788514 314934627
37294369 -617529649
-499910412 -764231814
-647339661 -375102998
-476837594 920550726
-774335930 -979519110
-951815843 996220856
876413897 -371202691
-636816082 639877239
998262300 974683141
-635468940 253959464
-888709813 163786778
-855335581 945779439
268226679 131990239
76978909 36703796
-591464363 -229842190
-371564540 -119958871
306200796 -657629672
-343320561 1022508940
-826453446 37832986
-270415519 -15748055
-688368377 841056745
-232794409 351140002
-160971332 -178769912
628408929 -84422926
-960853146 131344170
110576852 219451439
117065110 -182628326
996216573 -719316465
833619355 407649242
-627390472 817205420
385804018 21316879
643374274 993917067
384514813 406447004
-295521011 415231194
-667141133 326702731
255861075 -235014663
-590251240 -792590284
51648046 -280673221
740589101 551178392
-60061467 220648172
-79544280 878410253
505053513 -781109354
-166754008 -507401184
1060353218 1063362944
57037218 419406006
-998883676 73846135
-339106592 377112436
-1032975929 -885460528
-1001343316 949009248
976797525 230024876
742465608 -704942392
262819557 -14610819
115046560 311931234
-542546999 609927881
324844482 -773655372
38624163 245057838
-26593907 213611190
-87256514 460952741
423945128 -516810060
685971098 180770570
394035894 965994617
-649650872 474490587
178895559 294586793
-968768520 -185746113
3809041 -4557458
-69731760 14127178
248509663 890034775
1029219326 636112255
-496831032 -180746628
-371046384 -441452394
1064206628 -524538395
868475266 224768638
156037308 633385772
-524180200 -730829660
229049536 377902688
545247342 -598537099
433691389 607448620
266524237 -35339486
245572942 -485159113
223706175 103718306
361599827 -91208242
937082212 -700215044
295740257 248038848
182093446 -455702842
489934520 -987646839
267755371 176565736
-797555461 -553684558
-132229781 -217148507
-893998372 144277879
-889668799 -234043172
-488927210 -886178391
140415525 33625994
-988229472 478195926
-250597351 335580306
-604154593 932069286
-497223805 105830848
-457709925 368968839
170079227 -735718389
556337525 -43810420
238055526 -645918182
-649915496 -116749166
-1056400829 -552571127
395899375 -954754652
-408189372 -722963092
-972074730 410503072
-44717536 971765395
-22340269 213029658
-189653081 -78622193
884182471 -144092289
-289323754 -297127563
-351457568 -881924483
270044844 1056226401
286695441 -249287262
-363504259 648644797
-559482683 -378781117
-756682875 296799043
492374160 643138463
115916031 883264575
676193959 348316483
118740727 -715004775
793019538 825430959
-610591970 -435976430
-846514145 -747012807
941969629 -220653107
338391193 -334029519
541950892 34415633
1073679162 -400575675
657403555 367760461
-345900323 -394665689
-179237552 -991223205
120207095 621748332
-1054104117 -848031223
582690248 241873591
80076808 -219014700
-693570100 110424086
-139248020 374829558
-1011639688 1055561643
-983266398 705908642
-1071095774 847644302
-982183506 -388083571
-348894400 -37062414
-475287999 -337405264
262190804 -905987706
-116893617 -134892468
-652810713 -638655715
-72619298 -152414162
664698292 -799598448
-638498527 -232207820
-2746521 85677794
-622055483 -366317553
-492542457 142132645
485705609 -60444087
-535585809 -827905635
-148878060 437741961
-705689340 272326050
-435527166 -824222698
-958520350 -21105206
-475276481 845713305
288059992 -278499130
128327832 -727813338
-119470826 -502424692
-718573169 1014769020
500529828 108006198
-939547794 -292332660
-270025322 -268185302
796798110 -432231625
275444221 -952971910
916787512 54214236
325010976 -671267956
-267811620 -239455727
-191194516 673092861
93607361 338306607
1069495464 738739906
-1020168947 166314260
1024324204 279295120
712978535 722217891
-1006326061 -769845635
960426185 356305295
-426717329 -739722009
101880474 -806374951
933833853 -554850668
472820475 -1023235178
765577305 -320678630
-262451616 585806581
-289469900 1068434305
488778851 -54113664
-860524541 362324774
-761129772 594353314
488500154 578700002
-311608812 421114217
-122265671 -1056193430
676906147 668089483
751365766 524485624
477727734 -377370706
948703677 -168503765
-638383987 -939311901
-419910588 -47087573
16438085 24384883
62032834 -964293104
633619946 -969101090
309529937 -749851773
153948432 546871328
-886253199 -407346522
876403490 290009398
354085696 -325786319
186072251 1052878559
-279161113 954549213
102805044 331548839
-102661289 -895109116
-754173315 340518688
-326710475 -491854967
613485360 -466685838
-142362350 -602330379
1004806627 -573026026
-149597473 -763818526
-603729219 -771629858
-138598241 -35774053
-777530293 -963492808
399907422 1039438340
344062100 1004788146
702220641 -381465417
-592911510 -663508031
-674568034 142555760
-892907006 -742263107
-556212114 -1030870358
943704007 -835112145
844003712 -631614071
119387242 897664079
141624081 373397498
95053629 653822663
328902745 -134623720
806183873 1030021053
-137696952 896921553
549776253 -410338288
553216626 -303180855
-1069756143 -612823072
598822982 199539838
-107550583 -902001068
-416638586 -198634580
941205750 -107646570
-780522254 -58066959
-621882565 -109642974
-758608314 27623604
-584764892 -372755392
-150311321 201120835
864405436 374452942
95783640 -408310725
972946399 993814083
-811626382 -505265108
-328884211 943829232
-203688620 -231690628
461429889 -1007857273
675872279 -182805621
-192193919 123068641
818635334 -113860840
949698551 -440866821
-600095731 -930258974
-285224895 -827076031
-17010897 -991191662
-878131644 363020303
342299453 -122408744
501267399 -381256332
-1060803324 621767123
628503037 -195223240
-520219833 -62426955
-99348637 919672864
575265453 -503870298
725853900 -681598865
-288389892 615412969
614439865 467138992
-219238521 -66973635
-1033881618 -97596238
765900005 487933573
64947777 -351170604
740128227 74893482
-449263948 798321538
-132825669 -515247424
739381190 -78552321
308295045 -115790745
-17551098 317441380
-262989075 667118451
-402838808 421473000
-182440411 -236143409
-201928741 700154464
287214365 74708894
-745119078 929821449
277963249 518913698
-286833214 -565012859
-456801629 474559457
1073254564 1058492195
-57348087 163709573
-485581476 1008156259
801402376 -612654333
-988355550 -516513864
-493076734 -845251200
-164775969 514788239
530515085 51367535
988461059 475031184
735508324 1038905726
-316535915 -716504797
-102372702 204142258
-787105397 956148533
-130691540 -1033411120
133411419 -743784389
445277295 303911935
556949201 -559714442
-166977717 96153514
-215562206 715703417
200235086 -297539925
-447959742 -986303512
-514172892 836913829
359274866 711045249
-429924018 857986992
826101788 892963936
-922013166 466010427
-906157598 4762238
802533810 1046571310
719388404 -76692358
934132960 -303585969
157768353 -608515941
-398899856 -344688922
40252464 -237136875
-998885041 402987170
-614803216 -471626357
159769779 -885225795
422261646 71164885
-527449196 -938154657
769408166 302281986
108754522 -422155969
-622436197 567386528
738774487 -150886768
386526891 -747532230
1036526198 -27956710
169010493 -482106079
-52139340 569802918
404533117 785724015
718521552 641863838
-438589398 -953637815
-904239170 -549885451
830174638 143437155
412561248 553676868
-587295890 -870631480
-611305481 467010357
956079203 170925531
-30851881 327158052
-161338647 463728536
-145445286 899350530
-324116009 -510179297
938193686 1054292093
-178818353 761231219
61376594 -752083107
767604182 65897598
58848693 984365361
-993909210 -971715752
-56768448 -768953302
678058050 -509166648
-292739 109950022
-509526709 984448010
-346562568 565624240
-287094894 -1066961966
920412654 -358817434
-760101779 -347995247
-1003050172 634032156
919502670 -1070470154
-571667014 -903137440
-131726831 1051470263
-260687264 238226686
967640724 -378910320
352100168 -47338331
-475337332 55670923
-821203844 572943305
-231453034 25416834
503215154 1067943883
909505932 1041744098
668293694 -541355433
-777920230 -865516623
-248658233 -932265970
-162195824 481668817
-482111427 -188482204
-781820167 -789440123
-635367286 585887178
-285523605 886140468
-666822265 80361742
-155070816 -285798291
-34128719 968346370
-335343163 -174104789
686316059 -432608932
-148161902 366450521
-972510554 -633846820
-689843046 905108119
-164382352 -18980172
765304803 -226337218
767950986 -610330845
189062841 351471265
703012077 -294071710
975449278 -61672810
-575746643 -34863420
949171014 937802548
893268590 63371032
-163590431 -531207203
277478679 -942368687
177044024 -876448130
-366376250 258304360
-503311844 -355915755
-79030269 -458005119
-528070948 -713072269
69502007 -980388788
-823570730 -153118653
323442782 98630830
267169360 -934648758
216925435 106593695
386017416 489430255
-642151604 -719826603
203632137 220220158
-928119361 303496866
-543007681 -785124696
110871460 -674710374
316465741 -478938674
-61739997 -436466568
14475038 520433278
140762223 1031245249
-377811782 -958942787
808039739 993816745
731860186 -1042298234
-784872595 -174904650
-853218627 299525394
-938479599 689721763
-773806532 490979930
-712326257 324649094
882105372 713759706
698779680 952265524
-445030493 -101302378
860628862 -122321948
-405939859 559179873
812802010 264754962
-75579521 -925903268
873614355 -80707163
1061698204 -819860547
517978916 885548371
54234327 358994385
1072368349 -127795388
288148841 -335418813
-763790891 393577717
-920646204 -1025470306
565978270 -646485153
817576935 -877334513
14492218 871218263
792942068 -443485841
828208078 -675619273
687915775 -371358335
-365577323 526037438
-565189336 202821495
-757666025 775498292
-916440853 -205392965
-45647719 -904412207
-218786378 321556203
1030519767 115965023
-274439237 -908977884
-531222032 -907857378
356178695 -279201406
-396259167 469273831
-124346413 -949793305
-244272971 215733651
944197658 -262755588
-828463172 -132554851
626251371 995383413
401262842 743270661
-92170753 -511488616
-173899358 -84044681
282706958 -527732225
-267369404 -192061012
1058701917 -737220964
-949405821 156715024
109481755 293624573
-245720054 -580233307
-480272914 246608592
-634184257 -637107162
-410735033 642023337
-290225095 485490287
-479268099 399184643
878016112 609501211
-765649127 -390386556
932070835 880913775
-618255377 -829683579
897512414 224194934
-316019603 -822881583
803334347 378370156
-781778505 -798113365
-770045176 -720589729
-937229070 936926485
-330420278 156882963
621476447 941258319
951522850 760140838
-880844372 983667614
-17473170 -105913740
69236614 -613100466
-861386991 408116156
149191794 902009080
685040486 107221891
-817163043 -829998072
-600217103 -452225480
-706865551 -297515399
-760830761 -335567464
-329165143 426642658
-601000048 591435603
169365159 -55701322
-946513702 -569607697
-727603132 1066336711
-43255824 -219864084
425068649 957373452
-347242245 163942697
-602363236 -290480733
-452447032 612708998
-966942243 -742369000
204818364 875434953
-921513293 750561255
-368296956 989133765
425065089 -859061953
30747408 600894136
330520605 592754952
-5131711 -1063150859
424528290 139438887
1052473056 -861214782
-821398651 946329344
502429010 220544643
99042534 304443196
-597389431 -1023312361
-834343640 998121932
228265662 167831681
-211675453 -6841300
787614812 271059659
298777432 259493868
-129436097 1067302694
-125983483 34667371
498770461 578137430
696545530 550943461
1073652804 -168301236
317564748 -369646160
-721625723 938323988
-1035453431 -387400766
-315132816 -23784719
-1000665717 220604278
-465654336 -782466875
-962776047 912005007
900028441 -811055690
791361163 -1061898884
-1004290320 837499150
320485556 874036189
956455113 -226123421
-410552730 436498758
230991016 -311707913
13869097 795544386
346024641 -372807583
39775500 -146883175
-456076175 232736108
823391672 785643989
-643952783 -574180290
-379802431 599433987
-184192952 -419834692
-687994817 -1022346826
83118081 -800475603
537669789 150619216
717414686 77841181
888293552 472414084
330717132 311003011
866525963 -1053662442
1036730711 -4442842
617707664 -727931163
826201823 -84833733
71267402 210629674
-59533492 714997331
-881416070 -721658110
136942719 574249331
861192431 -559954903
80863177 891885956
-922581350 -360823033
843565472 29510125
-924055455 -172741647
11659407 -565005954
282197299 -345468248
519576430 -414877041
231125852 -235612892
140180179 125679976
356131097 207392407
-896766520 341275875
777906799 -292516180
-948939331 -1004661424
-597462984 433536271
212305344 -901751400
-140297091 -212258511
-562661142 241717924
618553355 561578572
-692290532 -182471425
-473983680 -242642011
46612203 -535826247
969620517 -152674032
924450776 594978702
977961921 581275577
-838940732 -866764472
-139504468 -397162720
405498018 964423265
1018417378 212211301
-987024530 518760684
206666969 655256005
-19293859 433799092
-187079212 -488418204
-548852651 -244979803
-315106951 546583116
-30035298 -809349270
17007265 930014901
970408410 525095255
429981551 84720262
836212018 542990217
633423011 -187687141
-108391726 -16970164
-32349649 -1070245559
-744868714 203776188
-1017152245 -464234338
-865384443 -873677906
953553477 974274285
748665213 -224288048
166975323 -647668727
569204400 1023583246
268553164 217489871
885486670 1031738679
-331984916 915919977
-188857597 -669808672
-488549128 1052113617
-285237340 -232843384
-559744407 -446442604
-245187932 -239274500
31337612 -217034280
874312396 184539645
631117906 -977705312
-605774037 790836255
557746276 -39085491
690095178 77614579
-762019974 -823969177
371058852 -850151576
-866802707 841752477
-786400172 465675885
357716106 -680964086
-815101936 -397529893
402611880 289276345
102635349 354969746
873069948 -35274389
-171240989 972427745
344009387 966902167
665286764 155126827
-775577568 -117598799
-138266488 -814818106
673860383 344841647
-117781525 406596646
675061914 -386947640
-982051112 27571514
223175363 217546366
1005861336 497960725
1061661666 560697566
115755687 335789265
-412265881 -1047252218
-786028433 -191950928
963443267 -962412312
-332669128 -90183805
-994613390 161922380
-926462307 -549434033
-1036065316 80051995
-735049789 -280009684
707058269 -722932007
459314823 -250327952
143053090 492705907
88123894 729388301
970825014 656708922
879022081 -381427913
863395164 37491247
-631129999 312252489
-592020962 810382976
-736349416 158592489
-279383770 971075154
392060233 399204457
-656113205 -902931007
294498953 338466672
-1015050514 -710672348
216331397 -291087143
-381695481 -184862827
810556999 165929434
-530515078 -705376080
-717760860 -426724760
967801903 -1000718695
-781380103 763230938
975713377 -176188605
-113446122 623117260
647574453 -826918928
-1044395143 -748353466
-785697139 940845555
1022769854 321178140
1047375006 418103229
192517462 10127511
-16509761 109853206
699193975 -176603820
-844316156 -391928406
1001804115 694436716
1011244555 354341062
727270795 434425045
788184213 535583076
4888294 829868551
-670378921 -841738396
-32370627 898246626
-232722158 -991664356
-583681606 700417998
130773729 1024137234
-141845951 292935203
-300699951 545784839
-60711891 707814091
189383862 -901541320
804423999 -407674842
995589692 804498143
93999570 -802231251
-579237060 463331071
749409107 565118937
-446714032 1001244769
1072140785 -594992955
279557289 -557652519
-155248240 -18476782
-624936929 147421133
951187970 638695818
-1050303863 -702144265
906302072 153590279
-984816818 1072975721
-799137738 407243797
13156412 -170675759
21611654 -504888362
1015008919 -691979010
390559214 1067416358
876505461 -818117214
319213732 577301246
-171886263 1069707865
423950913 -143493347
-303554372 129141226
-110097227 1052225508
795517635 -431726133
-786318213 662507137
-299624979 -645467926
-404640244 -641429680
345979132 -1027880278
-1061998952 -511242627
-739377993 737969707
116999155 1058294509
22255358 624481742
-713603123 431338334
-15453410 -494923017
-1867226 80634316
-551627930 728842773
-723224832 645196054
-864339974 534303455
111729493 -282470175
-860954906 942907615
114648395 -283632708
568947062 -566036429
377678757 209359749
-486919484 -363486574
934971517 848599050
-199933039 698761357
-360402128 -413058062
881381208 -1049660649
-142899816 435649502
-823167328 1029347655
1008705664 450870218
-730953070 385230427
-315464876 477705913
-312218166 -1020472321
944728856 -900447087
198225521 -762891057
858426523 -716137917
453684619 898984730
729202155 1033693230
638642061 142018537
835560203 -844662075
797127218 861099583
456569315 669368686
620200846 32806561
-613932681 659742637
812914274 652013272
-456452005 -303846271
-8978510 -967568907
1039126118 120636430
-865531499 -1067916140
1035310502 -696414341
115533643 -581787291
456523411 407725853
-301394284 621887976
-473855098 -282709292
-273415617 -362467465
456107883 -1020121931
476002816 596803721
-525675595 -748115479
70505350 828655156
926761362 1056968148
-97564467 803778035
82922080 -177648775
950626224 220658601
815561566 -197682916
999368385 665624549
-459069274 995965480
836858717 551480935
1064155994 55608147
-699642630 -506251037
807939869 70941951
271303106 356995588
-352881979 595773411
-961699739 443595955
-94920626 -333273110
975696682 49875864
-418299887 -127706790
-3041208 518141152
476252980 927601721
-201618573 -1015685567
635494756 792093163
60601528 -82909893
794813889 -530732769
147542157 45918111
139654938 790172652
-337885916 213110868
-1032194214 -441895882
764541183 -747066280
989435457 -379254186
592019144 233524229
-870804650 -696233478
229517922 -132254571
-667243749 569325896
-362224837 -597514776
-746544254 279701065
-490616861 -880494460
-604492896 -654020988
159381218 -17836068
-138575201 -740416279
-759394107 869653716
270277113 457531889
1041975162 796478596
131770083 -814798334
271322845 -757432516
-592292090 -574335465
-941702510 996258759
-675799948 350495392
573232404 922784500
293225689 923158694
-174433266 -521541807
470011888 671286578
176754153 -391738055
303708473 935965423
954008742 742055697
522299624 -76228082
-100115988 260055502
-916537312 548723305
-746590108 990492089
269251681 -952593429
-473629116 338038646
-349196739 877506862
669265194 -100156094
-1015439535 -865568667
-903453910 304282747
-668662925 -287488389
-774076118 -477060251
1053409576 135534716
284222060 -418421974
-387605160 -1071593676
-209860244 55092770
193984068 221305109
-112007701 -342978987
-1028015689 -51769763
-833671093 110942269
565840507 1004735351
-301509091 -348215857
435898638 -518928990
378885112 -296258116
-308055146 312579536
-286828404 15583987
843976977 -463661616
733037814 -910538646
379395024 603335598
1015373396 346440990
1070178085 389605209
-976354148 -3072936
-239862693 299636358
497779369 425967153
125766374 913093333
-162116714 -806468521
-71268389 -838889935
970406223 277057296
17074337 656859515
-840130460 -561828226
-855055127 73376106
218909984 155327525
-974074917 386186668
400539098 -674821974
-134219631 -1005277615
-359059830 181879261
259013064 -839388311
-531281505 -304253703
736837844 -264410389
-576286194 402903337
492694484 -634674984
665115310 -59814322
58294055 22314399
934043330 -1021174785
-443907554 541783747
-90353705 -404259631
-560712974 628139450
-970593072 -636775977
354076152 80439576
-458328513 -490349972
100000786 473002988
-98593803 157641775
19405929 -719556758
-701431845 532293455
-565232296 22713033
91720195 925264648
520931499 -773925522
-431568391 -612823444
-536545528 392142666
317460831 -60317338
392877 -41575553
-854756424 360528379
-539979429 -916287159
-950995069 382882259
387302801 486696731
-803388276 52852728
869129981 174502920
730227581 574413532
55487023 710902628
-527539525 82374304
666853263 767176363
-133499793 -347556973
871580049 -748064352
-687973918 696148216
43215398 316153017
1011036173 -200050677
-15500427 -1060501062
256897392 -682917050
376711114 88422047
80757026 -733149728
-292436786 204942014
589255465 -932487275
-202613256 -14087635
-175110645 -163272532
448395843 -23659680
-417037916 -502085066
535496993 -744111337
-987730118 -759212397
-455857489 691780214
-587325746 339600954
-609237207 -466582667
687877556 900267192
-950195809 798564218
-1071742363 -623265288
-454422040 711740483
-895045228 99802053
1020195287 -518698231
836051070 -304360563
328550829 -834046494
-819103610 -1020201880
-249374771 -724088986
229523456 -369492649
-497315914 -160712555
342142028 -339180592
-847803348 330635512
480444711 -785798
-41324360 -15153915
-949153475 -960393164
814018131 1050894023
852734977 -996048037
-337879203 -902730562
-500087615 479036748
-775442732 172524291
13008628 -801777113
-1011482943 -386442577
-296203306 -1034624810
-527515147 -627737731
-966503114 929828685
-427934475 916544430
629895566 -73535726
726966834 -1014621652
590232916 -846406144
-348242563 -654297358
673805711 509515591
-15834439 912977322
879028140 176212150
-121760815 -1028254057
213977745 365639740
962236908 -312561227
253531378 610287019
246369759 -1060995042
1005364452 -663448385
-71701533 -121024594
695684271 -399258785
615403143 -748364566
-446064409 646369314
154918119 -317559011
-209755203 567698708
-719030242 -795372861
478448018 758872761
-615984136 -790260181
895242957 -282347695
22357740 346401879
322250477 -53432739
628385097 380230182
-975446815 -283341727
991919022 -744681036
-58508138 379009772
327236798 504307713
294225362 420167893
-935397868 -190885680
403640384 -118889786
-939466635 886238417
-137471797 -307083266
-1038819516 -28117503
165089326 -148920494
-986102982 270452305
-120389940 513720436
-331053995 32994437
714396092 466298231
-180738287 -1037950113
-870439640 -38201198
-609468203 551395068
-297050153 -874970589
-112439376 30010493
-47631353 42844919
780491076 -28921880
-673130113 -513841464
-1004239614 -189297584
409294053 -146277626
-441145961 770433588
-237150132 -47149606
92562853 -841379803
-932525807 -342845081
-426374218 900766122
766072551 511860562
422775149 -45623193
5017647 -540870524
-875771394 121707387
467988364 675093806
-25725985 541415722
-179675466 925493517
-220032577 748672700
-374142321 -607969298
-662776137 445213348
-145038221 -466176396
599749054 14892259
806446291 -113007847
458794082 70429102
-314023164 -303809678
-968585035 -190436786
-342354348 -437608010
-730697084 570779719
374969438 -508033408
-644630577 200072892
-465936225 -260062509
-256005004 -271077871
952164680 34836063
130919724 -109017647
635620693 222713346
-35056197 -548615982
-783554594 -993560944
5332579 973295511
-335242068 -365928489
-413655911 -817730315
-301116914 35316701
-104473861 -683730696
192709613 -860440981
448920704 714171910
-621085666 146333902
477699824 -898587579
-145048585 48770524
329429143 251909946
-323327196 657838645
484289845 177299890
-160407621 -780020534
-941115848 -677180443
51745676 -534840413
-47121876 -236861481
-1061545282 -249413412
327327602 -406923263
-774770793 -372894736
76850735 -868860879
-989714534 485092153
197883271 508594349
467920342 -818222665
-115046389 231246750
139697788 -317022960
383576943 -342137684
-768049229 -1004202025
-774666368 -393219355
706286504 -125309936
1045717076 -584270622
881815528 24103411
-468105278 -194922708
419464689 1072350960
941601300 379423963
673147141 217682163
146448891 -463712640
-302080703 -160820759
-884809789 397912900
889111534 582633345
-768151609 308222033
873150743 -756395210
163544102 585140848
9074267 303105677
916727222 1066444274
-596553980 -168398949
-737677256 283871444
675633495 -970184246
1040432589 120951581
-1060366035 408123099
-39285336 565563787
-706101310 -591567826
492466693 660205166
487298252 647069761
-166694566 -483537710
44522703 577496182
-434846005 823079395
-585477969 -433350888
-878430750 447225997
617052806 -927561313
-662542978 -398406814
855542711 -1056393421
981759500 -157007679
-265191357 758654830
930236149 -647940813
730899291 477092198
-72212649 -245198824
-410400459 377477866
842640886 -244212094
-517942749 817958922
880448628 -152170400
-119223584 519007964
-642780736 858137566
1017527853 -276450435
-111829044 -746872052
-968324196 -497954730
468260994 -98003011
793860010 -441868640
312423928 -381625935
-948541165 -417623255
-239517215 -608445706
-275019934 804223831
-724105146 -282831222
666316487 679970413
-1068834442 -633223867
237907244 133308173
-380639429 65649909
-542933879 453073149
810666318 258317770
-398791049 -398133459
-679938804 867906036
270695683 9457144
598017128 -420666486
-702589755 -964328022
-97867741 674393261
286846000 657719618
-1052147397 41035245
-160580566 711978360
-811491936 -582789397
998403550 -144360448
121080877 -460935874
515215825 -112685296
-32425003 -542491238
-202427341 221042976
-261809635 268809007
-861609353 -450054928
-101178167 -876637874
-543164891 -226313777
-992025894 512912210
727529710 270290969
-157255497 1037252285
-71682560 -169424384
419056553 797449120
571853980 449758351
745924748 661743424
55498725 73798892
-672521789 920421622
-362479623 -945502755
-870606740 120791383
-299038651 -495064691
893396180 -508109933
-573886700 306791310
-395587027 -755226334
398160489 -611381471
136667518 1019039644
56151567 483616181
-53770278 -20408088
173131502 64162221
575888340 106636697
-410396769 -612656794
-126114255 745275796
-1060335039 889548408
-333968929 -578724107
-240088179 943041850
-489539802 988027699
760570663 -1036826485
770612764 -878447999
-74875593 -4063793
1065702494 -568261257
-107396808 996314424
-143187460 -17459983
684913167 168276550
359786933 -496691145
31945567 1040425104
47636579 673452381
-570322917 935987396
495470520 -1063369747
32675420 996076011
181116970 353841602
1047288948 269136625
717784620 861602358
120456002 309360740
-923029858 -797689985
-880145977 -5553540
259569285 238868054
33654265 384022363
-112412162 65528793
-669411625 1042261396
520021615 873094577
1011704765 589378289
239827968 -646377353
55590136 574862192
-284626359 -373100461
-789007971 -543134577
971912268 -563750938
-647582058 44419273
-437508187 -279588503
-41682179 1039122271
222032640 -129151466
-937450068 -724011941
-144263222 954134470
198850580 35935441
950186794 329763035
-819871154 530396008
741145138 495662687
-539356049 430188824
637945169 282048621
893303071 1006255668
871137036 327576783
693208428 -360964181
-53343763 454889448
-721301029 -779262838
-860950085 -627791916
-664424256 -88856636
-543720470 64306637
69187023 -223479243
-37303467 154749392
-140434702 -883724060
-637301974 -252595073
-224293284 1026544520
1068487972 177050440
-64858659 117878605
-986396928 -302054713
535130999 752439767
-309494999 1026081641
832866098 -258314106
-541304651 865500241
751708716 484343804
-936317292 230410366
626843379 -776241189
903073286 137654829
599536407 -839696685
634460237 440565883
-672799239 112155355
1032958884 -210961586
136980713 -423198275
-455189649 619481462
196299888 670479832
-98107469 448875790
554069737 217619233
-610523193 538944040
-87556010 -15986582
275729483 -979917912
975449968 618567911
-915776423 657824368
-609709057 665868781
-161619462 873970365
-899831188 1050980603
-1041729061 165139408
583267476 997697022
236032576 -353511984
-985541666 -140395056
-446913223 706367982
-624136049 -376966911
-862363118 -734635830
543638108 518900442
1023965711 263740180
62590528 -390335330
62129240 471068790
1035890063 -57822957
1029025074 1024764081
-445173173 -962851776
85206128 1035094790
-42124106 851821431
50626344 81733590
677156392 -237033067
-588021592 -877174644
-209853150 -781874296
-607781206 427968954
-753299806 57006353
-788605753 493177730
489363640 454989258
233577257 -776346569
-1029725607 -186558870
-404450171 -269569725
1045660786 758664776
-568752313 -403332534
-836734912 -392646371
-49252850 -104875377
-58810658 842198285
-988058790 -865532778
240182815 -503447320
-883045245 -474113013
698140317 137065132
592898028 1005253090
745326354 319138382
684372600 -625037633
808235237 -871189319
41183293 -267987049
850690568 -294538474
611714167 834476182
1009788928 -888571314
556975295 -421438909
-715171772 58926796
393358204 -611973919
227154379 863217799
411841945 869439000
-801385504 63146815
3585912 417819860
429913656 1066696454
-459860698 64483181
-1032286651 -136813311
800770511 -694259704
-1017618996 -70917009
1053586035 -1019251908
659506869 -728577045
646074329 478690552
970006561 983352045
-1029803068 472827811
663505090 363663254
-14152348 500664708
1063684710 -1047759700
143165711 401058915
-986963245 -1545246
-349276368 -263152784
-203029030 -119848867
1057189503 116132708
260680870 813485427
-702456462 785244390
1040582228 -235280971
-871956750 -161244881
-472490552 739026479
978478674 -779151120
427641022 -409978387
-318515588 593823090
-86576097 864997825
297425005 -720040961
542335381 852546627
-562117406 -821773440
-367105439 31492633
-725011117 512480359
-549151893 -773469576
263720992 -800378162
-868139366 -118395926
674178058 721794784
642983270 -1014465199
-905410844 -1015754889
-121960278 834374443
837299081 -49771769
-807431746 -334072553
1054761744 -1071820103
-780115771 377067415
219462974 707769306
702719042 -256553450
579075131 -768025738
-243853839 -355659475
-77000823 -521885632
102920404 894940449
354044465 -872646988
-196168565 -372863824
37570622 -59765889
-142816792 850752524
510736239 -384286690
628317378 771885095
-662145241 65361348
731971337 696815153
749192104 635769472
-518723301 743001950
709910656 -22344545
-506270891 -794727188
415102530 526895182
394028267 627994724
-44558471 -543061116
949048316 1000610847
797090010 -884208610
-265694496 407912459
-233346888 -433431478
-314992956 545298095
545714620 423147817
-9157767 691727980
860165332 -91086928
839035016 -772267259
-1073621397 -652227634
-559531127 672574304
-444736805 966723027
803824564 -37634163
1003302431 -731127280
1003514552 454449927
265441997 -649734470
-479713589 -48259270
-18428862 -500347885
-473124350 936925765
88447006 -825783605
-1005337886 251115008
35605234 547925154
506165814 -1054125248
243713080 -457608366
-797459934 583095641
-203379325 -387372628
805657208 334045668
846149879 1035596545
684445257 -203827007
-197733638 54013123
-1372481 -912668577
51362603 382977642
-597893334 353526330
-578570094 -576932964
-496124329 1003516837
-1000973031 -86909817
-289203928 881370825
-175535045 -943443823
-872836511 -546009107
-661178118 -33177805
591360959 -803419401
766807830 32963362
-1040409522 -479662799
511835003 -935162961
232423420 186011472
214878202 -17149841
714345576 -96275534
323894844 -384926946
52332287 -708178713
931628531 318890944
-952518582 -83629965
455651921 -263390456
8845440 -531414575
-797396291 739442430
1009512802 -788119111
-919921980 199448027
-788584120 -508449371
328463693 -629460169
-1014387850 126946193
526980880 957999973
-1039507021 350141955
-467557303 -499345123
-799214820 -641508278
-958677592 784071004
930036789 766233353
-4487029 -929980025
-217205696 331995383
775292526 53998550
209736657 -277126177
736980897 317355503
100061346 -24098322
-705952452 -129864239
-77839709 2599725
1063620176 923134195
-971536811 56704843
-822676385 62755244
868151384 -911752288
450802445 235402965
18556482 824558958
-652210410 602352044
-465686351 -45724567
-1053931390 -156248581
-281994589 -784914056
484195351 -888194951
-99896828 -746918467
18884623 -183527569
611270024 99929555
-201160693 895033758
76954555 -205982378
-821412793 140990303
45645653 26218151
-739807218 -917937652
-73122606 130351856
1061286767 -502923874
979492162 -4180379
-223937488 975296663
532785757 509854925
232620546 -497971678
890218458 -783252928
816294390 -1051812233
-837079552 -378289102
57341231 -1017575036
-75163268 884618927
-425711911 711290825
-366959499 331629032
294065497 579984771
-1000325923 725402605
-139863355 460956684
814279690 -482663749
897456278 765650305
519840644 908458617
774521500 -104417627
-527367392 471591934
174073137 -799081724
452160589 742150039
966597297 150167387
-376408403 -494809082
926131241 -464447946
-503506457 -478334516
-628532914 -378586405
876421307 660523690
288318383 209452646
-149046954 -6197915
690682158 682427189
-264751385 -963523126
-584676948 -634418555
862378097 303669489
-358902781 -331655075
-943806238 468057541
378558009 303395242
633261157 -596327997
394513649 -553772885
1016516340 1024261633
-975849948 718777231
812304432 845328497
245336849 -301315749
982870132 921062758
-87120526 -385720047
475349799 751099223
748618735 283545358
-581703087 -458902813
865690071 235105459
524988272 461307157
-366045683 -818792889
1072831884 933935592
322268480 -362190052
-5865335 670682381
-265325730 -202060817
-285405765 253443819
-829661111 -976987244
355107263 -427169818
158014411 -451394094
-36354168 244517859
-506295097 952750219
603618488 690792972
944482226 600816416
305030960 -75856688
-211193792 -929124333
871772138 38610477
1046667873 283946221
-243140859 -925473743
78509678 208176225
334206241 176368061
315241631 -295379279
1032822253 -509442164
-195261503 680025168
-312772611 679367027
-609919196 -41238840
-700146208 839502826
561315801 -182371363
717905009 244264394
1045562653 -944087310
145007213 671939159
818427919 -137618260
936883526 -578783359
-1056045399 360512725
193847094 -462764954
312062445 -224690558
261450390 -525183973
-937514146 -698017162
-864911761 484102316
-385952335 751863752
-489050031 -475420064
-272458556 -1037752636
-144613533 -1058154687
451287247 -1008486897
-578474821 -175798566
-478629672 161658381
922232047 186961474
854585452 -977068410
922185452 185372761
442860683 -989312377
572036101 135341649
612602851 -815251834
-953436850 340036720
266462785 -367547191
-293912021 -980412653
885624644 -316187641
255329315 113636341
-428076973 -62991281
142185465 208862129
-797563440 -1000704472
19434493 306026373
-487214195 -701407239
564726687 1059503960
177046655 541705643
-663658428 818828285
336122288 587767436
555870044 942430649
462144634 -697053834
-1049592396 155506434
184379377 -617863377
-510980088 -881566839
-73744991 412547859
599400668 -447777926
-1067849352 -544931344
-767207541 -571503870
499099909 891213616
539585695 304875025
-549942813 465395773
-498071709 -555315103
-450194577 953599520
-118529865 -562173514
957044672 -292625045
-725565661 -823479706
-384720936 -553363367
656023597 -868352997
-757520618 895582003
-1531154 678535895
-20833809 1061890804
-699496478 972468792
-734180387 1052560944
-1048520192 778984188
215046294 855398449
-592571126 985545928
-541842303 -716300702
595090725 494471204
-577277851 -38570000
170073004 -794772278
-1023511453 -880480339
104666432 1012402208
-1034045914 526594104
395136291 -1049851903
1034260056 772279899
-426096186 -788793917
-605351593 406017459
327716512 168983925
317345576 -914015338
-24748224 255903080
139992747 282238000
-406315099 -921933328
1000925200 -23239185
293201357 788918635
-917167479 203282209
926945419 343637122
-738494143 888107482
-299239523 -143673682
-246690933 -1052849638
-493418243 -722416898
-811238306 -595357137
281012087 895705366
151438593 1067747672
899309179 -367925638
395443970 -753323861
434650932 -1013929972
717822316 -931698120
497973976 311132115
-236016328 -249993619
-1068298687 43653885
-1023449853 -613776453
-831155523 -855368665
1034791937 942670969
998213665 -533815846
-1040918479 252493577
-416895964 -335488679
427312082 466431032
-403901719 -735709799
-852096491 -285509654
