60
272826345 -93547243
-251175194 326009142
874101045 -840192347
-783889238 -95453524
817063236 -677593351
-598251648 301920447
1021838026 -851175151
332079216 -361599743
168898701 -993963908
26699191 -521503477
720572799 479350230
503543552 503525536
356965903 869574546
715868369 892939794
776779451 -179463
336112455 721741028
990874601 729448818
601597958 614713008
-329306377 -252346877
-421115030 63023691
-231612272 -819257577
520047874 515030310
996143169 -241303423
-490583235 907060982
-893304501 -17925695
224104037 -258751593
-220346182 -424262524
911771341 -534014163
48191670 177833841
574978630 -572006260
998526232 18303266
1014240471 -948572711
-692589248 -1061187728
667799724 520886129
829331237 -803885325
-78616242 -405306103
-89061459 -171340088
-301871596 597598485
1034114110 777708692
554452953 -997400978
-737580652 1004907721
613074414 -834489298
-996924460 453468968
1066960466 1032778718
-782281759 -390021242
498502944 1021631955
683296238 -114296110
-305356984 -285960236
970562901 -230956971
288535681 386001408
-374695514 537407292
1049302142 703555054
-420669183 -544206765
-201026721 162683925
-650450008 -565468141
840933738 -381271186
569920719 143781086
-494394886 -813926569
965907638 -742876792
-515818057 -43028550
