500
272826345 -93547243
-251175194 326009142
874101045 -840192347
-783889238 -95453524
817063236 -677593351
-598251648 301920447
1021838026 -851175151
332079216 -361599743
168898701 -993963908
26699191 -521503477
720572799 479350230
503543552 503525536
356965903 869574546
715868369 892939794
776779451 -179463
336112455 721741028
990874601 729448818
601597958 614713008
-329306377 -252346877
-421115030 63023691
-231612272 -819257577
520047874 515030310
996143169 -241303423
-490583235 907060982
-893304501 -17925695
224104037 -258751593
-220346182 -424262524
911771341 -534014163
48191670 177833841
574978630 -572006260
998526232 18303266
1014240471 -948572711
-692589248 -1061187728
667799724 520886129
829331237 -803885325
-78616242 -405306103
-89061459 -171340088
-301871596 597598485
1034114110 777708692
554452953 -997400978
-737580652 1004907721
613074414 -834489298
-996924460 453468968
1066960466 1032778718
-782281759 -390021242
498502944 1021631955
683296238 -114296110
-305356984 -285960236
970562901 -230956971
288535681 386001408
-374695514 537407292
1049302142 703555054
-420669183 -544206765
-201026721 162683925
-650450008 -565468141
840933738 -381271186
569920719 143781086
-494394886 -813926569
965907638 -742876792
-515818057 -43028550
-869304327 554136601
679453702 -533801106
406874150 195918032
610398147 246162653
-862787184 440523115
-360832211 -347760410
-475008414 -734302043
624324385 1036503043
1021945590 963471872
-751388277 228331950
-912783513 -448781884
463443737 -564352512
872047204 491356487
779791408 158144923
-432234169 190339949
845130019 -4171830
-662912667 305827186
-890219102 635691750
-308408665 851306470
860184432 -67536133
494728025 -1563655
-758325160 29319850
-1058049727 509765880
-441004191 -832484784
-433350669 -270981609
-887434944 315246951
334400611 -807844752
-37348339 -976057812
341046715 -390073013
274162234 -1037464702
519496559 618832032
-717621056 8920342
837976205 510179289
-160387942 -742164030
-605411239 -139890469
724826998 34415670
1000714265 41659719
-378625110 222390741
893909548 520524284
308199268 -572477476
250816097 377852640
189849381 -546443575
-535891067 73070304
147707760 598671354
614147645 -67626956
317404606 720478611
-767489770 617800935
804884660 876762277
-864790054 -485203050
516630423 397441420
690305061 1009008759
1048610047 680349335
361359671 636593821
-965732150 474592494
463504650 119138681
278461779 -26157136
712368294 286376611
-211788828 24924507
-968865356 -998365222
-279174040 287296369
-281942191 -684327607
853871716 594678871
-137374683 -617207797
39127336 -46024833
450381235 845530353
7780673 -248306743
647189745 -727677054
-503484111 859294758
-586204133 -1067875005
-1071325343 818163326
528620995 -360124105
756185942 -467344173
471378221 -54817879
1065497635 481371302
-770035751 4377128
-706014690 681267353
1035993184 -672072750
-622870570 101089365
346495619 1052569045
-667275708 -99474771
-90140544 -849554382
-740243393 -1006952957
-568972888 866155204
719776053 444863210
813570605 139395713
1035045656 -523459315
-72227776 63745790
216293269 265940558
-978733477 -619608008
-496318325 -510623694
979294939 969004176
1060332474 -352151685
883756241 -943345897
-328458821 -50633194
-734804456 -120766964
-646447057 752523063
-994714966 520310178
-306761925 325153218
-192482001 -435662075
-372454861 1027947756
142330070 74193823
378905492 -1066349790
-842331032 -394482538
-71433160 -753316055
983208602 1034229401
202632644 761847685
232068002 -100711972
899059812 -574403553
865762316 -865601952
370862010 -523228639
-161098547 -493575049
-160910573 -71353820
-1021241192 -123817593
204618971 652905613
17861232 -529511155
41723219 189532212
721707390 465244645
-13261696 343029573
1054400036 786495432
386856806 -319127957
-667280303 851204373
-578360202 -749395414
-719177962 -692317997
-242695356 570015372
987599225 -124455691
-158936196 -545712897
315250825 857354464
-241455338 -901557123
197497522 249709611
291419080 -674742291
428429394 494315941
15450044 688445129
593809803 120089243
40172931 235430912
-1057966758 -997973414
-701433016 333596
49186280 -217827854
-911834808 -834761817
698627616 155731005
-50668671 -997006645
-705076095 1040519711
207522473 748770104
-257591500 508589838
-964718495 -341093558
1762657 941690324
711445162 -950288023
332218813 219262355
723587735 204320435
1060428391 603254537
133173828 -811421736
567017972 -171621867
-275642874 -518858682
-932227640 272783226
586734819 -606157947
21730727 -699079967
-742101948 124670179
186179723 -1067583196
-210851095 988607827
-200512841 623349449
-317970660 777963409
837222667 -343942452
-471782359 -21517686
1008201114 350331296
-803255540 -783271429
273748345 656911480
-400147860 984243544
-228440103 644477122
450773448 -13523730
654272088 621226995
376546287 12703051
-277516653 -960104567
17677493 -478133027
-813120257 -920348339
783009251 -29691944
-536903431 379524057
980186991 4875869
-319280613 19348313
-351209748 -148768552
-1067551024 -511520107
332319299 -896809303
869589034 -234884050
-865877597 -968584442
-1014817038 993020967
-265679690 -461011937
-106502656 -983571033
322694932 893923458
449146317 830771452
-105265156 -1007444288
-1053711034 481240547
-12820159 921115473
-310109214 -1042799098
-559367807 -331216716
635369718 863339461
-63324771 -879358502
-794192825 -924872392
-135813788 119752388
504660960 -949527692
479979409 521427818
-143641818 878769678
-467928841 -802512674
158160681 814250716
528763642 1000908977
671077436 -699350526
-204456639 978051733
621930695 -266922452
142800553 101463107
-138497701 -651728616
1062230396 811772831
229136902 556846167
1038386914 323399449
-194015000 -41799085
-505698921 -735883179
731319814 576961427
971169757 -805526259
-394836899 962663485
555142324 -384349642
60002362 60663260
440580169 -554535583
-639404344 -913071773
988250027 730282084
-357053718 -1070914190
19395524 -893002951
1024248650 103220439
790886278 -311136219
177704370 -793185962
-919941788 -450886116
-722580582 -756609363
499140611 906239331
923821057 763965906
100127281 870466167
613164672 356798590
1029931541 -906104019
-724714597 -313596690
-368792664 453980698
-435962278 -248428056
-1047615901 910191668
884693784 157373179
-249316806 -932014919
-182515814 -288840437
46098376 -280192177
367011938 876188428
-553615414 -1001807764
1015363397 -758217971
-566706735 457935863
878395195 460070776
-137438669 812509743
-35470987 610195607
240863042 -433114421
696080309 -493847974
-659092032 767876707
1050847193 -765797801
800554129 298905102
641236151 -523705839
-53960782 368429387
-65857488 -345540228
37991018 237999652
1046483583 -287566400
176029886 -173510768
185555666 -477171651
-111154135 137305625
275983643 538126799
1025181580 -103926082
814289191 852975186
-661553565 125551641
-756336914 -733123480
-596624583 -793256508
-779434963 -262113927
773882205 -428682759
893970226 -302228997
-53678634 368690552
-762461450 769275379
939594643 691203501
274303088 -621174342
-265672986 1046530321
524112167 -10044668
-491623373 993393104
-697397495 -882296290
685268452 528066219
486614395 205068150
486391199 -451508705
-780042319 -434535072
-851835717 -596838458
1005140030 1015235094
-289478673 509792254
-1031920146 101942785
-480976308 942782920
-220929581 -645590474
471923565 -106999055
573381277 290267970
172244204 -883399050
-185644753 1020152874
569936663 182118692
427334254 78609836
785765602 569416831
-673504677 1007009227
-1020932320 326532068
-1006261149 635655050
-941904147 340482033
-215499531 382167799
841521007 -268286940
895195221 664106346
771534525 60537538
-85368145 -865351154
491785758 -11363591
101952879 824527520
-770834058 -1044880056
948897231 667553911
120605180 -64071138
600529073 653223363
742348848 -780181823
240074670 1061654297
-532172532 -851915663
1003653998 -995743442
-39587207 -610366004
583442233 -540664094
167652100 -520540556
-573541938 -680887424
-454919983 -373112594
-341751949 -649880252
107488207 102874829
-522684083 -376009699
370517804 946816783
-815145487 -331581261
460807691 309878470
-357980358 1047308202
-47724684 -167766022
1071106396 -417116888
461608332 -721239347
-166576327 270277780
-248316923 328764640
1060552691 461344929
408220119 39334645
447855042 516829066
649091631 587245782
1019323910 -226144354
-1055242072 -1002775692
630393503 61677567
-41954120 447934802
-720716676 288881062
250949740 400207139
123287410 655834281
-552405417 1067243186
214638414 -328581696
-284826937 -261894655
-101171667 -311425019
-532386758 575909045
-843869174 623703802
203484944 632986032
87313303 -364811056
27680897 331363071
-971462575 -964744986
-174539568 294072823
912343502 765395599
944874688 864202138
227811417 89197592
600104519 519216958
891064000 201155080
545238145 -1064202896
-638208661 -198432087
103887591 1001881877
-604286288 -722499129
-629581888 -489379630
-518183834 873630903
-627123753 191385261
-513354057 159142554
430214509 -88144908
-40399814 -865667869
-952044431 -133355683
-366914751 117306390
481994222 573122926
219815022 1005595857
366950596 -42257634
338495116 -943875825
493987226 804131516
154407835 -985046613
952652818 -687369456
-435184852 247268387
86132543 -32726849
-875426321 -246312801
-172090029 -914890253
-743711094 274744369
-617294180 676308027
-898849877 -1033108644
-297429071 491930799
-148125856 770275546
-245441816 -138512809
-738437211 463723673
-1073429238 1072630476
-239809474 637052679
150704457 894968096
118281671 -284904305
588793970 -336732421
618695177 -259941022
201930590 752556037
109674894 515523962
-7677778 -336558197
456374903 417982683
999630262 1050378332
-316844916 482945051
-296189255 79509236
51214996 -851388124
-459228585 1034553820
-532673306 -42819527
-39338942 371878992
-725032641 -977038026
-1010232520 -36874463
-313873450 -527075045
-618510803 209085405
436921773 471809994
-12871482 588248620
204293162 -828509681
983031566 233576316
292984294 639839201
96557155 988080352
1017125059 -438912281
-363543119 720883509
390176067 735387965
-253022494 623164806
-202765545 -47382409
-908719211 957170097
-798811402 488222949
-5717235 -647678134
982931888 -239498984
46511979 -352238402
324454530 1063426469
-573288417 594380475
-357323093 748740904
-144132196 -340193841
-290557889 672480395
880623691 -943123889
947289658 253532040
-722950975 -95354246
-85216296 1016799596
-302278861 532336349
-799492830 -624981476
455300137 -920839944
-631495988 491686749
806759537 571680801
-552552642 -599309745
921320022 -349910872
